% Date: 2012-11-03
% Test Duration: 12:19:55.023 - 12:20:04.725
% Comment:Phone wnot moving and screen perpendicular to the ground

% Statistics:
%          Mean                       Min                       Max                      Range                    Std.Dev         
% X: -0.008135535307517084     -0.0306                   0.0114                    0.041999999999999996      0.006704670736082219     
% Y: -1.0059670842824602       -1.0148                   -0.9946                   0.020199999999999885      0.0023603546738823734    
% Z: -0.05572847380410023      -0.0729                   -0.0365                   0.03640000000000001       0.006033045687506185     

t = [55.023, 55.033, 55.043, 55.059, 55.066, 55.077, 55.089, 55.106, 55.111, 55.121, 55.131, 55.143, 55.157, 55.165, 55.18, 55.191, 55.202, 55.211, 55.224, 55.234, 55.243, 55.259, 55.265, 55.304, 55.336, 55.342, 55.345, 55.347, 55.348, 55.359, 55.363, 55.368, 55.374, 55.384, 55.395, 55.407, 55.417, 55.431, 55.441, 55.452, 55.463, 55.472, 55.484, 55.495, 55.507, 55.516, 55.526, 55.536, 55.547, 55.558, 55.569, 55.58, 55.59, 55.602, 55.612, 55.622, 55.634, 55.644, 55.657, 55.668, 55.679, 55.691, 55.702, 55.713, 55.724, 55.736, 55.745, 55.757, 55.769, 55.778, 55.788, 55.807, 55.811, 55.821, 55.832, 55.844, 55.854, 55.865, 55.876, 55.886, 55.897, 55.909, 55.92, 55.93, 55.941, 55.953, 55.964, 55.974, 55.986, 55.997, 56.008, 56.02, 56.03, 56.041, 56.052, 56.063, 56.075, 56.084, 56.096, 56.107, 56.117, 56.129, 56.139, 56.15, 56.16, 56.172, 56.182, 56.194, 56.205, 56.216, 56.228, 56.238, 56.25, 56.261, 56.272, 56.283, 56.294, 56.306, 56.316, 56.327, 56.339, 56.349, 56.36, 56.372, 56.384, 56.399, 56.437, 56.444, 56.449, 56.452, 56.458, 56.462, 56.469, 56.48, 56.491, 56.502, 56.513, 56.524, 56.534, 56.546, 56.557, 56.569, 56.579, 56.591, 56.602, 56.613, 56.624, 56.635, 56.645, 56.657, 56.668, 56.679, 56.69, 56.702, 56.712, 56.724, 56.735, 56.745, 56.757, 56.768, 56.779, 56.789, 56.801, 56.812, 56.824, 56.835, 56.845, 56.857, 56.867, 56.878, 56.888, 56.899, 56.91, 56.922, 56.933, 56.943, 56.954, 56.966, 56.976, 56.988, 56.999, 57.01, 57.022, 57.033, 57.044, 57.061, 57.069, 57.077, 57.091, 57.099, 57.11, 57.12, 57.13, 57.14, 57.151, 57.161, 57.175, 57.184, 57.194, 57.206, 57.218, 57.228, 57.24, 57.25, 57.262, 57.273, 57.29, 57.3, 57.306, 57.316, 57.327, 57.338, 57.349, 57.36, 57.372, 57.382, 57.393, 57.403, 57.414, 57.426, 57.437, 57.448, 57.459, 57.47, 57.481, 57.493, 57.502, 57.514, 57.526, 57.537, 57.548, 57.559, 57.57, 57.581, 57.595, 57.604, 57.615, 57.626, 57.638, 57.648, 57.659, 57.67, 57.681, 57.692, 57.703, 57.714, 57.725, 57.736, 57.747, 57.756, 57.768, 57.78, 57.791, 57.801, 57.813, 57.824, 57.835, 57.848, 57.858, 57.868, 57.879, 57.89, 57.9, 57.911, 57.923, 57.934, 57.946, 57.956, 57.967, 57.978, 57.99, 58.001, 58.012, 58.023, 58.035, 58.046, 58.057, 58.068, 58.08, 58.091, 58.103, 58.113, 58.124, 58.136, 58.147, 58.158, 58.168, 58.179, 58.189, 58.199, 58.21, 58.221, 58.232, 58.242, 58.253, 58.264, 58.277, 58.309, 58.313, 58.321, 58.323, 58.329, 58.339, 58.351, 58.362, 58.373, 58.384, 58.395, 58.407, 58.418, 58.431, 58.443, 58.457, 58.465, 58.476, 58.484, 58.495, 58.506, 58.517, 58.529, 58.541, 58.551, 58.561, 58.573, 58.584, 58.596, 58.607, 58.619, 58.629, 58.641, 58.653, 58.663, 58.674, 58.685, 58.696, 58.708, 58.719, 58.73, 58.742, 58.754, 58.763, 58.775, 58.786, 58.798, 58.809, 58.819, 58.831, 58.842, 58.855, 58.865, 58.875, 58.886, 58.897, 58.909, 58.92, 58.931, 58.942, 58.955, 58.965, 58.974, 58.986, 58.997, 59.008, 59.019, 59.03, 59.041, 59.054, 59.064, 59.075, 59.087, 59.098, 59.109, 59.119, 59.131, 59.142, 59.154, 59.165, 59.176, 59.187, 59.199, 59.21, 59.221, 59.232, 59.243, 59.255, 59.266, 59.277, 59.289, 59.3, 59.311, 59.322, 59.333, 59.345, 59.356, 59.367, 59.379, 59.39, 59.401, 59.413, 59.423, 59.435, 59.446, 59.457, 59.469, 59.48, 59.491, 59.502, 59.513, 59.523, 59.535, 59.546, 59.559, 59.569, 59.58, 59.592, 59.603, 59.614, 59.625, 59.636, 59.648, 59.658, 59.669, 59.681, 59.692, 59.703, 59.715, 59.725, 59.737, 59.748, 59.759, 59.771, 59.782, 59.794, 59.805, 59.815, 59.826, 59.837, 59.848, 59.86, 59.87, 59.882, 59.893, 59.904, 59.916, 59.926, 59.937, 59.949, 59.96, 59.972, 59.982, 59.994, 0.014, 0.016, 0.036, 0.038, 0.047, 0.06, 0.092, 0.094, 0.096, 0.111, 0.141, 0.144, 0.145, 0.18, 0.182, 0.183, 0.187, 0.193, 0.198, 0.21, 0.222, 0.231, 0.243, 0.254, 0.264, 0.276, 0.287, 0.299, 0.31, 0.32, 0.331, 0.342, 0.353, 0.364, 0.375, 0.386, 0.397, 0.408, 0.42, 0.431, 0.442, 0.453, 0.464, 0.475, 0.485, 0.497, 0.507, 0.519, 0.531, 0.541, 0.552, 0.563, 0.575, 0.585, 0.596, 0.607, 0.619, 0.63, 0.641, 0.652, 0.665, 0.675, 0.685, 0.696, 0.708, 0.719, 0.73, 0.741, 0.752, 0.764, 0.775, 0.787, 0.798, 0.809, 0.819, 0.831, 0.841, 0.852, 0.864, 0.874, 0.886, 0.895, 0.907, 0.918, 0.929, 0.939, 0.95, 0.962, 0.972, 0.983, 0.993, 1.005, 1.016, 1.027, 1.04, 1.05, 1.061, 1.072, 1.083, 1.093, 1.105, 1.116, 1.127, 1.138, 1.15, 1.16, 1.17, 1.182, 1.192, 1.204, 1.215, 1.226, 1.238, 1.248, 1.26, 1.27, 1.281, 1.293, 1.304, 1.315, 1.326, 1.338, 1.349, 1.36, 1.37, 1.382, 1.393, 1.404, 1.415, 1.429, 1.44, 1.447, 1.459, 1.471, 1.482, 1.493, 1.504, 1.514, 1.526, 1.537, 1.547, 1.558, 1.57, 1.581, 1.593, 1.603, 1.615, 1.626, 1.637, 1.649, 1.66, 1.671, 1.683, 1.694, 1.705, 1.716, 1.727, 1.739, 1.75, 1.761, 1.773, 1.784, 1.795, 1.806, 1.817, 1.828, 1.839, 1.85, 1.862, 1.873, 1.885, 1.896, 1.906, 1.917, 1.928, 1.94, 1.951, 1.962, 1.972, 1.983, 1.994, 2.005, 2.016, 2.027, 2.038, 2.049, 2.06, 2.072, 2.083, 2.094, 2.104, 2.116, 2.133, 2.139, 2.15, 2.159, 2.17, 2.181, 2.193, 2.205, 2.215, 2.226, 2.238, 2.249, 2.259, 2.271, 2.282, 2.293, 2.304, 2.315, 2.327, 2.338, 2.349, 2.359, 2.371, 2.382, 2.392, 2.402, 2.413, 2.425, 2.436, 2.447, 2.459, 2.47, 2.481, 2.492, 2.502, 2.513, 2.524, 2.535, 2.547, 2.558, 2.569, 2.58, 2.591, 2.602, 2.613, 2.624, 2.635, 2.647, 2.658, 2.669, 2.679, 2.69, 2.702, 2.713, 2.725, 2.735, 2.746, 2.757, 2.768, 2.779, 2.79, 2.801, 2.812, 2.823, 2.835, 2.846, 2.857, 2.868, 2.88, 2.889, 2.901, 2.912, 2.923, 2.935, 2.946, 2.957, 2.967, 2.979, 2.99, 3.001, 3.012, 3.023, 3.035, 3.046, 3.057, 3.068, 3.079, 3.09, 3.102, 3.113, 3.123, 3.135, 3.146, 3.157, 3.168, 3.18, 3.191, 3.202, 3.214, 3.225, 3.236, 3.247, 3.259, 3.27, 3.281, 3.293, 3.304, 3.315, 3.326, 3.337, 3.349, 3.36, 3.371, 3.383, 3.394, 3.405, 3.416, 3.426, 3.438, 3.449, 3.46, 3.472, 3.483, 3.494, 3.504, 3.516, 3.526, 3.538, 3.549, 3.56, 3.572, 3.583, 3.594, 3.605, 3.616, 3.627, 3.638, 3.649, 3.661, 3.672, 3.683, 3.694, 3.706, 3.717, 3.727, 3.74, 3.749, 3.762, 3.777, 3.783, 3.793, 3.803, 3.814, 3.825, 3.836, 3.847, 3.858, 3.869, 3.88, 3.89, 3.901, 3.913, 3.924, 3.935, 3.946, 3.958, 3.969, 3.98, 3.991, 4.002, 4.014, 4.025, 4.035, 4.047, 4.058, 4.07, 4.081, 4.092, 4.103, 4.114, 4.125, 4.135, 4.147, 4.157, 4.168, 4.18, 4.19, 4.202, 4.213, 4.224, 4.234, 4.246, 4.257, 4.267, 4.279, 4.289, 4.3, 4.312, 4.322, 4.333, 4.345, 4.356, 4.367, 4.379, 4.389, 4.4, 4.412, 4.423, 4.434, 4.446, 4.457, 4.468, 4.48, 4.49, 4.5, 4.512, 4.523, 4.534, 4.545, 4.557, 4.568, 4.58, 4.59, 4.601, 4.613, 4.624, 4.635, 4.646, 4.658, 4.669, 4.681, 4.691, 4.702, 4.714, 4.725];

x =[-0.021, -0.0181, -0.0122, -0.0072, 0.0065, 0.0103, 0.0103, 0.0075, 0.0045, -0.011, -0.0101, -0.0121, -0.0073, -0.0113, -0.0191, -0.0132, -0.0093, -0.0073, -0.0053, -0.0044, 0.0016, -0.0014, -0.0043, -0.0053, -0.0083, -0.0112, -0.0122, -0.0131, -0.0141, -0.0082, -0.0043, -0.0043, -0.0004, 0.0064, 0.0025, -0.0033, -0.0062, -0.0112, -0.0171, -0.0142, -0.0151, -0.0092, -0.0053, -0.0033, -0.0051, -0.01, -0.0102, -0.0053, 0.0092, 0.0062, -0.0005, -0.0044, -0.0072, -0.0121, -0.0161, -0.0169, -0.018, -0.0151, -0.0044, -0.0054, -0.0005, 0.0035, 0.0035, 0.0036, 0.0036, -0.0053, -0.0112, -0.0151, -0.0141, -0.0093, -0.0103, -0.0074, -0.0014, -0.0014, 0.0005, -0.0014, -0.0033, -0.0072, -0.0062, -0.0102, -0.0112, -0.0102, -0.0073, -0.0034, -0.0053, -0.0063, -0.0141, -0.0103, -0.0103, -0.0045, -0.0034, -0.0043, -0.0032, -0.0012, -0.0042, -0.0053, -0.0072, -0.0092, -0.0054, -0.0093, -0.0103, -0.0122, -0.0093, -0.0044, -0.0081, -0.0033, 0.0015, -0.0003, -0.0081, -0.0052, -0.0062, -0.0102, -0.0123, -0.0132, -0.0123, -0.0083, -0.0024, 0.0015, 0.0045, 0.0015, -0.0043, -0.0131, -0.02, -0.0171, -0.0123, -0.0005, -0.0003, 0.0063, 0.0103, 0.0113, 0.0065, -0.0003, -0.0103, -0.017, -0.02, -0.0154, -0.0123, -0.0024, 0.0006, 0.0026, 0.0085, 0.0025, -0.0023, -0.0101, -0.017, -0.016, -0.0201, -0.0132, -0.0103, -0.0093, -0.0083, -0.0004, 0.0024, 0.0015, -0.0004, 0.0016, 0.0037, 0.0026, -0.0082, -0.0122, -0.0152, -0.0172, -0.0221, -0.0153, -0.0083, -0.0043, -0.0033, 0.0076, 0.0096, 0.0095, 0.0025, -0.0014, -0.0044, -0.0132, -0.0181, -0.019, -0.0161, -0.0131, -0.0023, 0.0035, 0.0114, 0.0113, 0.0066, -0.0003, -0.0073, -0.02, -0.0219, -0.0211, -0.0201, -0.0153, -0.0005, 0.0084, 0.0044, 0.0026, 0.0027, 0.0036, 0.0025, -0.0112, -0.0152, -0.0161, -0.023, -0.0211, -0.0104, -0.0034, 0.0025, 0.0027, 0.0016, 0.0016, -0.0003, -0.0053, -0.0091, -0.0102, -0.0093, -0.0122, -0.0142, -0.0132, -0.0112, -0.009, -0.0023, 0.0046, 0.0026, -0.0014, -0.0065, -0.0051, -0.0083, -0.0034, -0.0093, -0.0103, -0.0102, -0.0091, -0.0082, -0.0081, -0.0053, 0.0015, 0.0044, 0.0073, 0.0014, -0.0092, -0.015, -0.0199, -0.0151, -0.0082, -0.0092, -0.0024, -0.0015, 0.0014, 0.0005, -0.0024, -0.0053, -0.0063, -0.0023, -0.0092, -0.013, -0.0111, -0.012, -0.0141, -0.0131, -0.0092, -0.0054, -0.0025, -0.0043, 0.0006, -0.0014, -0.0013, -0.0053, -0.0091, -0.0122, -0.0131, -0.0074, -0.0014, 0.0015, 0.0015, -0.0024, -0.0052, -0.0083, -0.0141, -0.0131, -0.0121, -0.009, -0.0043, -0.0022, 0.0055, -0.0043, -0.0112, -0.0142, -0.0123, -0.0073, -0.0083, -0.0092, -0.0081, -0.0052, 0.0017, 0.0005, 0.0006, 0.0006, -0.0043, -0.0141, -0.0141, -0.0141, -0.014, -0.0091, -0.0091, -0.0083, -0.0092, -0.0161, -0.0032, -0.0071, -0.0032, 0.0027, 0.0066, 0.0055, 0.0015, -0.0072, -0.0102, -0.0219, -0.0228, -0.0238, -0.0141, -0.0052, -0.0043, -0.0023, -0.0023, -0.0013, -0.0063, -0.0122, -0.0131, -0.0102, -0.0111, -0.0199, -0.0151, -0.0102, -0.0063, -0.0044, -0.0023, -0.0042, 0.0016, -0.0013, -0.0053, -0.0132, -0.0111, -0.0111, -0.0121, -0.0073, -0.0064, -0.0112, -0.0141, -0.0092, -0.0063, -0.0111, -0.0111, -0.0042, -0.0004, -0.0023, 0.0007, -0.0014, -0.0121, -0.0199, -0.0209, -0.02, -0.0239, -0.021, -0.0151, 0.0017, 0.0076, 0.0095, 0.0026, -0.0043, -0.018, -0.0199, -0.0199, -0.0169, -0.0208, -0.015, -0.0102, -0.0073, -0.0054, -0.0014, 0.0045, -0.0042, -0.0092, -0.014, -0.0219, -0.018, -0.0181, -0.0161, -0.0142, -0.0083, -0.0024, -0.0024, 0.0006, -0.0023, -0.0081, -0.013, -0.015, -0.0102, -0.0103, -0.0073, -0.0053, -0.0053, -0.0033, -0.0054, -0.0111, -0.0151, -0.018, -0.015, -0.0052, 0.0006, -0.0014, -0.013, -0.018, -0.0161, -0.0072, -0.0083, -0.0092, -0.0053, -0.0053, -0.0063, -0.0053, -0.0054, -0.0083, -0.0131, -0.0111, -0.014, -0.0082, -0.0043, -0.0054, -0.0082, -0.0102, -0.0101, -0.0122, -0.0131, -0.0132, -0.0093, -0.0072, -0.0043, 0.0055, 0.0015, -0.0042, -0.0043, -0.0043, -0.0112, -0.0161, -0.0132, -0.0123, -0.0102, -0.0102, -0.0091, -0.0082, -0.0023, 0.0045, 0.0026, 0.0015, -0.0044, -0.0063, -0.0112, -0.0121, -0.0121, -0.0092, -0.0053, -0.0034, -0.0093, -0.0083, -0.0073, -0.0053, -0.0064, -0.0053, -0.0053, -0.0052, -0.0044, -0.0063, -0.0091, -0.0111, -0.0141, -0.0112, -0.0092, -0.0073, -0.0063, -0.0053, -0.0102, -0.0121, -0.0141, -0.0082, -0.0073, -0.0033, -0.0024, -0.0093, -0.0083, -0.0111, -0.0083, -0.0053, -0.0014, 0.0074, 0.0113, 0.0114, 0.0036, -0.0042, -0.0219, -0.0219, -0.018, -0.0111, -0.0111, -0.0112, -0.0053, -0.0092, -0.0093, -0.0003, 0.0064, -0.0013, -0.0062, -0.0063, -0.017, -0.0199, -0.0161, -0.0103, -0.0103, -0.0121, -0.0103, -0.0054, -0.0044, -0.0014, -0.0023, -0.0013, -0.0041, -0.0082, -0.0102, -0.0112, -0.0133, -0.0123, -0.0074, -0.0054, -0.0053, -0.0014, -0.0052, -0.0042, -0.0062, -0.0111, -0.0121, -0.0111, -0.0072, -0.0063, -0.0063, -0.0131, -0.0111, -0.0131, -0.0053, -0.0043, 0.0005, -0.0082, -0.0072, -0.0063, -0.0062, -0.0121, -0.0131, -0.0102, -0.0101, -0.0054, -0.0013, 0.0035, 0.0015, -0.0072, -0.0102, -0.0082, -0.0111, -0.0102, -0.0102, -0.0151, -0.0102, -0.0063, -0.0014, 0.0005, -0.0005, -0.0054, -0.0052, -0.0073, -0.0043, -0.0072, -0.0131, -0.0199, -0.016, -0.0112, -0.0073, -0.0063, -0.0024, -0.0053, -0.0052, -0.013, -0.0131, -0.0091, -0.0054, -0.0044, -0.0083, -0.0131, -0.0063, 0.0006, 0.0074, 0.0065, 0.0006, -0.0052, -0.0072, -0.0131, -0.0151, -0.0141, -0.018, -0.0112, -0.0121, -0.0044, 0.0035, -0.0004, -0.0004, -0.0052, -0.0082, -0.0159, -0.015, -0.0103, -0.0073, -0.0083, -0.0072, -0.0091, -0.0042, -0.0004, -0.0013, -0.0139, -0.0081, -0.0091, -0.0083, -0.0043, -0.0083, -0.0112, -0.0131, -0.0083, -0.0091, -0.011, -0.013, -0.012, -0.0082, -0.0053, -0.0005, 0.0024, -0.0064, -0.0112, -0.0122, -0.0131, -0.0122, -0.0131, -0.013, -0.0141, -0.012, -0.0034, -0.0063, -0.0072, -0.0121, -0.0111, -0.0033, -0.0033, -0.0091, -0.0102, -0.0151, -0.0151, -0.015, -0.0112, -0.0053, -0.0004, -0.0032, -0.0071, -0.009, -0.014, -0.0121, -0.0063, -0.0092, -0.0083, -0.0121, -0.0151, -0.015, -0.0151, -0.016, -0.0122, -0.0123, -0.0132, -0.0121, -0.0121, -0.0089, -0.0052, 0.0026, -0.0063, -0.014, -0.0238, -0.0278, -0.0229, -0.02, -0.0112, -0.0024, -0.0033, 0.0016, -0.0061, -0.0051, -0.0149, -0.0217, -0.0198, -0.018, -0.015, -0.0122, -0.0073, -0.0063, -0.0083, -0.0071, -0.0101, -0.0051, -0.008, -0.0062, -0.0199, -0.0306, -0.0258, -0.018, -0.0142, -0.0052, -0.0043, -0.0072, -0.0081, -0.0062, -0.0014, -0.0053, -0.0091, -0.018, -0.0199, -0.0141, -0.0083, -0.0131, -0.0122, -0.0092, -0.0101, -0.0043, -0.012, -0.011, -0.012, -0.013, -0.0151, -0.0112, -0.0074, -0.0093, -0.0112, -0.0092, -0.0169, -0.016, -0.0081, -0.0073, -0.0082, -0.0071, -0.0092, -0.0092, -0.0199, -0.0151, -0.0122, -0.0092, -0.0053, -0.0111, -0.0121, -0.0053, -0.0044, -0.0053, -0.016, -0.0159, -0.0158, -0.013, -0.0081, -0.0044, -0.0035, -0.0123, -0.0113, -0.0141, -0.0131, -0.015, -0.0169, -0.014, -0.0052, -0.0051, -0.0111, -0.0102, -0.0112, -0.0112, -0.013, -0.0102, -0.0081, -0.0062, -0.012, -0.0129, -0.019, -0.0151, -0.019, -0.0122, -0.0082, -0.0014, 0.0007, 0.0016, -0.0062, -0.013, -0.008, -0.0111, -0.0131, -0.015, -0.0131, -0.0092, -0.0092, -0.0102, -0.0083, -0.0072, -0.0121, -0.0091, -0.0081, -0.012, -0.01, -0.0101, -0.0081, -0.0102, -0.0053, -0.0083, -0.0112, -0.0091, -0.0111, -0.0072, -0.0101, -0.0092, -0.0092, -0.0101, -0.0081, -0.0102, -0.0112, -0.013, -0.0159, -0.0139, -0.012, -0.014, -0.014, -0.0082, -0.0043, -0.0093, -0.012, -0.0082, -0.0062, -0.0112, -0.0149, -0.0179, -0.019, -0.0199, -0.0092, -0.0102, -0.0054, -0.0062, -0.0052, -0.0082, -0.011, -0.0111, -0.0111, -0.0161, -0.0151, -0.0112, -0.0161, -0.0092, -0.0081, -0.0033, -0.0081, -0.015, -0.0169, -0.0199, -0.0209, -0.0111, -0.0053, -0.0044, -0.0141, -0.018, -0.0121, -0.0112, -0.0141, -0.0209, -0.021, -0.0199, -0.0158, -0.0131, -0.0101];

y =[-1.0054, -1.0026, -1.0038, -1.0098, -1.012, -1.0082, -1.0082, -1.0102, -1.0044, -1.0031, -1.0041, -1.0049, -1.0068, -1.0037, -1.0045, -1.0046, -1.0028, -1.0059, -1.0079, -1.004, -1.0052, -1.0061, -1.0088, -1.0078, -1.0058, -1.0028, -1.0028, -1.0067, -1.0047, -1.0107, -1.007, -1.0079, -1.007, -1.0061, -1.0062, -1.0091, -1.0079, -1.0087, -1.0026, -1.0026, -1.0066, -1.0058, -1.0069, -1.0051, -1.011, -1.0081, -1.0039, -1.0069, -1.0069, -1.0049, -1.0069, -1.0049, -1.0069, -1.0049, -1.0086, -1.0069, -1.0028, -1.0056, -1.0048, -1.0058, -1.0059, -1.0119, -1.008, -1.0121, -1.0093, -1.0041, -1.0028, -1.0047, -1.0076, -1.0067, -1.0027, -1.0047, -1.0089, -1.007, -1.006, -1.0079, -1.0041, -1.0061, -1.0051, -1.0049, -1.0058, -1.0087, -1.003, -1.0079, -1.0078, -1.0039, -1.0067, -1.0037, -1.0076, -1.0028, -1.0059, -1.006, -1.0062, -1.0102, -1.0061, -1.0069, -1.0079, -1.0067, -1.0038, -1.0095, -1.0046, -1.0057, -1.0048, -1.004, -1.0118, -1.0051, -1.0061, -1.0092, -1.008, -1.0042, -1.007, -1.0038, -1.0027, -1.0046, -1.0037, -1.0038, -1.0059, -1.0051, -1.0081, -1.0061, -1.0041, -1.0039, -1.0046, -1.0026, -1.0036, -1.0041, -1.0148, -1.0041, -1.0073, -1.0092, -1.0072, -1.0081, -1.0028, -1.0066, -1.0026, -0.9946, -1.0027, -1.004, -1.008, -1.0092, -1.0112, -1.0061, -1.0061, -1.0059, -1.0028, -1.0048, -1.0025, -1.0047, -1.0056, -1.0048, -1.0038, -1.0109, -1.0031, -1.0069, -1.0032, -1.0072, -1.0132, -1.0082, -1.005, -1.0038, -1.0027, -1.0025, -1.0024, -1.0025, -1.0028, -1.0079, -1.009, -1.0094, -1.0124, -1.0084, -1.0032, -1.0069, -1.0069, -1.0047, -1.0025, -1.0027, -1.0027, -1.0058, -1.0042, -1.0043, -1.0102, -1.0063, -1.0112, -1.011, -1.0039, -1.0046, -1.0055, -1.0025, -1.0025, -1.0025, -1.0049, -1.0121, -1.0042, -1.0082, -1.0113, -1.0083, -1.0061, -1.0038, -1.0027, -1.0055, -1.0025, -1.0025, -1.0035, -1.0088, -1.0071, -1.0131, -1.0043, -1.0081, -1.011, -1.004, -1.0108, -1.0068, -1.0029, -1.0057, -1.0036, -1.0037, -1.0029, -1.011, -1.0033, -1.0103, -1.0101, -1.006, -1.0026, -1.0121, -1.0076, -1.0078, -1.0038, -1.0047, -1.0029, -1.0089, -1.006, -1.007, -1.0049, -1.0061, -1.0051, -1.007, -1.005, -1.0049, -1.0049, -1.0038, -1.0028, -1.006, -1.0059, -1.0069, -1.0049, -1.0059, -1.005, -1.0059, -1.0049, -1.0039, -1.008, -1.004, -1.0069, -1.004, -1.0079, -1.0038, -1.0039, -1.0088, -1.0038, -1.0059, -1.0079, -1.0072, -1.0061, -1.0081, -1.0041, -1.005, -1.0028, -1.0077, -1.0028, -1.006, -1.0041, -1.007, -1.0041, -1.0099, -1.0058, -1.0067, -1.0039, -1.003, -1.009, -1.0051, -1.0082, -1.0092, -1.007, -1.0067, -1.0046, -1.0036, -1.0058, -1.0029, -1.0059, -1.006, -1.0061, -1.0111, -1.0041, -1.0081, -1.009, -1.005, -1.0077, -1.0048, -1.0048, -1.0049, -1.0079, -1.007, -1.0039, -1.0078, -1.0047, -1.0119, -1.0052, -1.0083, -1.0093, -1.0123, -1.0082, -1.0051, -1.0097, -1.0077, -1.0026, -1.0066, -1.0027, -1.0048, -1.0089, -1.0051, -1.0091, -1.0071, -1.0071, -1.005, -1.0048, -1.0048, -1.0049, -1.0068, -1.0077, -1.0038, -1.0039, -1.0039, -1.0039, -1.008, -1.0081, -1.0082, -1.009, -1.004, -1.0028, -1.006, -1.004, -1.0058, -1.0059, -1.0039, -1.0048, -1.0038, -1.0029, -1.005, -1.0059, -1.006, -1.0071, -1.0061, -1.007, -1.011, -1.006, -1.0077, -1.0077, -1.0066, -1.0036, -1.0026, -1.0027, -1.0067, -1.0101, -1.0123, -1.0094, -1.0083, -1.007, -1.0057, -1.0066, -1.0027, -1.0079, -1.0039, -1.0078, -1.0049, -1.0058, -1.0029, -1.007, -1.0052, -1.011, -1.004, -1.0049, -1.0027, -1.0038, -1.0026, -1.0047, -1.0037, -1.0049, -1.007, -1.006, -1.0071, -1.0091, -1.008, -1.003, -1.0058, -1.0068, -1.0028, -1.0068, -1.0097, -1.006, -1.0119, -1.0039, -1.0058, -1.0038, -1.0058, -1.0058, -1.0099, -1.008, -1.0051, -1.0069, -1.0028, -1.0028, -1.006, -1.0038, -1.0039, -1.0059, -1.0059, -1.0059, -1.005, -1.0039, -1.0058, -1.0048, -1.0079, -1.0089, -1.0069, -1.0099, -1.0049, -1.0069, -1.003, -1.0098, -1.0038, -1.0048, -1.0027, -1.0048, -1.0078, -1.0051, -1.0092, -1.0032, -1.0081, -1.0051, -1.007, -1.0058, -1.0028, -1.0037, -1.0047, -1.0049, -1.0029, -1.0089, -1.0059, -1.0081, -1.0081, -1.011, -1.0051, -1.003, -1.0049, -1.0029, -1.0069, -1.0069, -1.0078, -1.0031, -1.004, -1.0038, -1.0048, -1.0058, -1.0059, -1.0029, -1.0078, -1.005, -1.0089, -1.005, -1.006, -1.006, -1.0049, -1.0058, -1.0039, -1.003, -1.0049, -1.0078, -1.0049, -1.0059, -1.0049, -1.0048, -1.0069, -1.004, -1.0041, -1.006, -1.0029, -1.0068, -1.0078, -1.0039, -1.006, -1.0061, -1.0062, -1.0034, -1.0122, -1.0083, -1.011, -1.0056, -1.0027, -1.0027, -1.0068, -1.0039, -1.0058, -1.006, -1.0029, -1.0048, -1.011, -1.0061, -1.008, -1.0061, -1.003, -1.0068, -1.0038, -1.0067, -1.0037, -1.0057, -1.0087, -1.0057, -1.0038, -1.0069, -1.0051, -1.0071, -1.0072, -1.0101, -1.0041, -1.0039, -1.0048, -1.0026, -1.0025, -1.0086, -1.0049, -1.005, -1.0061, -1.006, -1.0061, -1.008, -1.0049, -1.004, -1.0068, -1.0089, -1.0089, -1.0079, -1.0029, -1.0049, -1.0048, -1.004, -1.006, -1.007, -1.003, -1.006, -1.0079, -1.0079, -1.0068, -1.0029, -1.0068, -1.0097, -1.0029, -1.01, -1.0051, -1.006, -1.006, -1.0039, -1.0059, -1.0069, -1.0029, -1.0049, -1.0038, -1.0048, -1.0049, -1.0108, -1.0041, -1.0059, -1.0039, -1.0079, -1.003, -1.0079, -1.0089, -1.0049, -1.0057, -1.0058, -1.0028, -1.0038, -1.0078, -1.005, -1.0079, -1.0099, -1.0069, -1.0029, -1.0098, -1.0039, -1.0039, -1.0058, -1.0039, -1.005, -1.008, -1.0072, -1.0121, -1.0042, -1.007, -1.0069, -1.0059, -1.0048, -1.0067, -1.0056, -1.0038, -1.0087, -1.0039, -1.0081, -1.0071, -1.0051, -1.0061, -1.0041, -1.0059, -1.0068, -1.0036, -1.0038, -1.0048, -1.0059, -1.0069, -1.0071, -1.0071, -1.0081, -1.008, -1.008, -1.0079, -1.0049, -1.006, -1.0058, -1.0037, -1.0067, -1.0039, -1.008, -1.0051, -1.0079, -1.007, -1.004, -1.004, -1.0049, -1.004, -1.0048, -1.0068, -1.0029, -1.0068, -1.0028, -1.0058, -1.0069, -1.0029, -1.0079, -1.004, -1.006, -1.004, -1.0049, -1.0059, -1.0061, -1.009, -1.006, -1.0029, -1.0037, -1.0027, -1.0039, -1.0029, -1.0069, -1.007, -1.0091, -1.0061, -1.0081, -1.0069, -1.0039, -1.0039, -1.0087, -1.0049, -1.0097, -1.0029, -1.0059, -1.0048, -1.0058, -1.0067, -1.0046, -1.0056, -1.0059, -1.005, -1.0121, -1.0042, -1.0074, -1.0041, -1.0087, -1.0056, -1.0035, -1.0026, -1.0046, -1.0058, -1.0079, -1.009, -1.0091, -1.01, -1.0091, -1.0079, -1.003, -1.004, -1.0038, -1.0078, -1.0086, -1.0068, -1.0049, -1.0029, -1.0119, -1.0051, -1.0062, -1.0091, -1.0071, -1.0038, -1.0036, -1.0045, -1.0047, -1.0027, -1.011, -1.007, -1.0031, -1.0051, -1.0081, -1.0061, -1.007, -1.0099, -1.0038, -1.0028, -1.0067, -1.0029, -1.0067, -1.0058, -1.0068, -1.008, -1.0061, -1.0089, -1.0109, -1.0071, -1.006, -1.0058, -1.0038, -1.0038, -1.0038, -1.0067, -1.0078, -1.0069, -1.0049, -1.008, -1.0059, -1.005, -1.01, -1.004, -1.004, -1.0057, -1.0047, -1.0038, -1.0078, -1.0031, -1.003, -1.0049, -1.0089, -1.0078, -1.0041, -1.0058, -1.004, -1.007, -1.007, -1.0061, -1.0059, -1.0058, -1.0026, -1.0056, -1.0047, -1.0058, -1.004, -1.003, -1.003, -1.0109, -1.011, -1.0049, -1.0039, -1.0029, -1.0039, -1.0079, -1.0059, -1.0081, -1.007, -1.007, -1.009, -1.0028, -1.0038, -1.0046, -1.0029, -1.0078, -1.0041, -1.011, -1.0061, -1.006, -1.0069, -1.011, -1.0069, -1.0029, -1.0039, -1.0029, -1.0058, -1.0069, -1.0068, -1.0039, -1.0089, -1.0039, -1.006, -1.01, -1.008, -1.0119, -1.009, -1.0079, -1.0039, -1.004, -1.0077, -1.0028, -1.006, -1.0069, -1.006, -1.0069, -1.003, -1.004, -1.0098, -1.0118, -1.0077, -1.0058, -1.0059, -1.0079, -1.0109, -1.0051, -1.0039, -1.0069, -1.0069, -1.0079, -1.0038, -1.0098, -1.004, -1.0089, -1.0039, -1.0089, -1.0048, -1.0038, -1.0058, -1.0088, -1.0058, -1.0039, -1.007, -1.006, -1.006, -1.01, -1.0049, -1.0049, -1.0038, -1.0028, -1.0039, -1.0037, -1.0049, -1.0061, -1.0081, -1.009, -1.0049, -1.0078, -1.0048, -1.0047, -1.0068, -1.0078, -1.0059, -1.0038, -1.0038, -1.0058, -1.0029, -1.0038, -1.0066, -1.0036, -1.0077, -1.0108, -1.0049, -1.007];

z =[-0.0446, -0.0475, -0.0524, -0.0502, -0.0519, -0.0559, -0.0549, -0.0608, -0.0659, -0.0692, -0.0672, -0.0563, -0.0483, -0.0454, -0.0446, -0.0435, -0.0494, -0.0542, -0.0551, -0.0552, -0.059, -0.0601, -0.0502, -0.0512, -0.0513, -0.0514, -0.0534, -0.0494, -0.0504, -0.0502, -0.0551, -0.0542, -0.0521, -0.052, -0.059, -0.061, -0.0581, -0.0483, -0.0475, -0.0455, -0.0474, -0.0523, -0.0542, -0.0601, -0.064, -0.0681, -0.0583, -0.0512, -0.0401, -0.0392, -0.0462, -0.0512, -0.0552, -0.0573, -0.0474, -0.0643, -0.0564, -0.0494, -0.0483, -0.0473, -0.0452, -0.049, -0.0501, -0.0579, -0.0649, -0.0592, -0.0514, -0.0494, -0.0474, -0.0473, -0.0474, -0.0453, -0.0531, -0.0521, -0.0521, -0.0511, -0.0601, -0.0641, -0.0621, -0.0553, -0.0543, -0.0503, -0.0553, -0.0522, -0.0502, -0.0533, -0.0504, -0.0474, -0.0414, -0.0434, -0.0512, -0.0562, -0.067, -0.0679, -0.0641, -0.0512, -0.0542, -0.0493, -0.0434, -0.0394, -0.0414, -0.0494, -0.0513, -0.0532, -0.0551, -0.0601, -0.0571, -0.0639, -0.0631, -0.0671, -0.0582, -0.0523, -0.0484, -0.0435, -0.0454, -0.0493, -0.0502, -0.0541, -0.056, -0.0561, -0.0611, -0.0593, -0.0515, -0.0475, -0.0444, -0.0542, -0.052, -0.0521, -0.0579, -0.0549, -0.0589, -0.063, -0.0513, -0.0504, -0.0486, -0.0407, -0.0445, -0.0522, -0.0531, -0.06, -0.0598, -0.057, -0.0591, -0.0592, -0.0564, -0.0554, -0.0446, -0.0494, -0.0444, -0.0493, -0.0483, -0.0521, -0.0531, -0.0481, -0.0591, -0.06, -0.0648, -0.0629, -0.0582, -0.0543, -0.0504, -0.0416, -0.0407, -0.0366, -0.0484, -0.0512, -0.0581, -0.0678, -0.0707, -0.0648, -0.0571, -0.0511, -0.0502, -0.0504, -0.0446, -0.0535, -0.0485, -0.0533, -0.0631, -0.063, -0.0578, -0.0598, -0.0628, -0.058, -0.0543, -0.0515, -0.0475, -0.0436, -0.0426, -0.0406, -0.0462, -0.0519, -0.0551, -0.0609, -0.0688, -0.0649, -0.058, -0.0494, -0.0485, -0.0445, -0.0456, -0.0446, -0.0365, -0.0482, -0.0541, -0.0609, -0.063, -0.059, -0.055, -0.0542, -0.0542, -0.0533, -0.0523, -0.0484, -0.0445, -0.0474, -0.0543, -0.0641, -0.067, -0.0658, -0.0599, -0.0561, -0.0374, -0.066, -0.0404, -0.0492, -0.0484, -0.0464, -0.0533, -0.0572, -0.0611, -0.0631, -0.0542, -0.0561, -0.0511, -0.048, -0.0492, -0.0553, -0.0603, -0.0604, -0.0574, -0.0592, -0.0582, -0.0502, -0.0472, -0.0452, -0.0511, -0.0512, -0.0522, -0.0533, -0.0551, -0.0602, -0.0592, -0.0642, -0.0612, -0.0564, -0.0563, -0.0552, -0.0443, -0.0472, -0.0522, -0.063, -0.0581, -0.062, -0.0602, -0.0622, -0.0524, -0.0494, -0.0483, -0.0512, -0.0531, -0.0531, -0.0581, -0.0571, -0.0523, -0.0514, -0.0563, -0.0623, -0.0651, -0.0631, -0.066, -0.0619, -0.0561, -0.0483, -0.0474, -0.0444, -0.0473, -0.0523, -0.0582, -0.0621, -0.0611, -0.0609, -0.0571, -0.057, -0.0531, -0.0552, -0.0543, -0.0553, -0.0544, -0.0613, -0.0592, -0.0611, -0.0513, -0.0552, -0.0534, -0.058, -0.0691, -0.0719, -0.0698, -0.0668, -0.058, -0.0541, -0.0492, -0.0493, -0.0525, -0.0535, -0.0585, -0.0563, -0.0571, -0.0611, -0.061, -0.063, -0.06, -0.0592, -0.0543, -0.0544, -0.0553, -0.0553, -0.0564, -0.0574, -0.0543, -0.0523, -0.0522, -0.0581, -0.063, -0.061, -0.058, -0.0552, -0.0524, -0.0612, -0.0602, -0.0533, -0.0522, -0.0513, -0.0503, -0.0564, -0.0573, -0.0562, -0.0602, -0.0632, -0.065, -0.0581, -0.0571, -0.058, -0.0541, -0.0503, -0.0564, -0.0535, -0.0515, -0.0526, -0.0535, -0.0544, -0.0609, -0.0638, -0.0658, -0.0649, -0.0571, -0.0544, -0.0524, -0.0565, -0.0652, -0.0644, -0.0563, -0.0553, -0.0483, -0.0523, -0.0551, -0.059, -0.063, -0.0632, -0.0632, -0.0585, -0.0584, -0.0495, -0.0514, -0.0475, -0.0523, -0.0531, -0.0532, -0.0561, -0.06, -0.0641, -0.0643, -0.0593, -0.0543, -0.0484, -0.0502, -0.0472, -0.0572, -0.0541, -0.0522, -0.0553, -0.0564, -0.0574, -0.0563, -0.0541, -0.0531, -0.0561, -0.0602, -0.0584, -0.0574, -0.0602, -0.0503, -0.0543, -0.0532, -0.0522, -0.0552, -0.0582, -0.0522, -0.0513, -0.0563, -0.0582, -0.0612, -0.0572, -0.0531, -0.0512, -0.0562, -0.0602, -0.0562, -0.0543, -0.0544, -0.0484, -0.0493, -0.0522, -0.0611, -0.0629, -0.0601, -0.063, -0.0631, -0.0581, -0.0543, -0.0554, -0.0484, -0.0454, -0.0543, -0.0563, -0.0582, -0.0572, -0.063, -0.055, -0.054, -0.0541, -0.0552, -0.0532, -0.0573, -0.0592, -0.0573, -0.0552, -0.0621, -0.0552, -0.0513, -0.0503, -0.0503, -0.0522, -0.0523, -0.0512, -0.0572, -0.0571, -0.0542, -0.0562, -0.0612, -0.0583, -0.0573, -0.0543, -0.0583, -0.0533, -0.0512, -0.0532, -0.0553, -0.0573, -0.0573, -0.0542, -0.0562, -0.0601, -0.0571, -0.0533, -0.0503, -0.0523, -0.0523, -0.0562, -0.0591, -0.056, -0.0619, -0.0578, -0.0649, -0.059, -0.0505, -0.0555, -0.0535, -0.0533, -0.0583, -0.0543, -0.0552, -0.0573, -0.0513, -0.055, -0.053, -0.0581, -0.0641, -0.0562, -0.0573, -0.0594, -0.0504, -0.0474, -0.0473, -0.0523, -0.0483, -0.0483, -0.0502, -0.0571, -0.063, -0.064, -0.067, -0.0641, -0.0563, -0.0503, -0.0435, -0.0385, -0.0384, -0.0512, -0.0562, -0.0601, -0.0591, -0.065, -0.0611, -0.0573, -0.0603, -0.0533, -0.0552, -0.0532, -0.0542, -0.0564, -0.0563, -0.0524, -0.0552, -0.0571, -0.0521, -0.0602, -0.0592, -0.0542, -0.0562, -0.0563, -0.0603, -0.0533, -0.0512, -0.0503, -0.056, -0.0551, -0.0521, -0.0621, -0.0583, -0.0572, -0.0592, -0.0573, -0.0553, -0.0574, -0.0533, -0.0522, -0.0491, -0.0551, -0.0492, -0.0522, -0.0571, -0.0553, -0.0561, -0.0571, -0.0573, -0.0564, -0.0564, -0.0533, -0.0493, -0.0522, -0.0532, -0.0532, -0.0561, -0.0632, -0.0564, -0.0562, -0.0503, -0.0512, -0.0503, -0.0583, -0.0582, -0.056, -0.0569, -0.0569, -0.0601, -0.0591, -0.0572, -0.0583, -0.0544, -0.0514, -0.0514, -0.0523, -0.0493, -0.0522, -0.057, -0.0581, -0.0581, -0.0611, -0.0632, -0.0633, -0.0563, -0.0415, -0.0493, -0.0473, -0.0552, -0.0592, -0.063, -0.0571, -0.059, -0.0672, -0.0631, -0.0611, -0.0543, -0.0552, -0.0503, -0.0474, -0.0494, -0.0543, -0.0631, -0.0672, -0.0622, -0.0632, -0.0572, -0.0542, -0.0492, -0.0482, -0.0493, -0.0523, -0.0573, -0.0573, -0.0534, -0.0553, -0.0583, -0.0593, -0.0632, -0.0552, -0.0562, -0.0582, -0.0583, -0.0573, -0.0591, -0.0591, -0.0622, -0.0563, -0.0524, -0.0524, -0.0593, -0.0573, -0.0512, -0.0561, -0.064, -0.0651, -0.0671, -0.0632, -0.0583, -0.0533, -0.0502, -0.0543, -0.0523, -0.0584, -0.0613, -0.0573, -0.0573, -0.0493, -0.0424, -0.0454, -0.0573, -0.0642, -0.0729, -0.0681, -0.0689, -0.0602, -0.0553, -0.0555, -0.0516, -0.0535, -0.0505, -0.0523, -0.0511, -0.0591, -0.059, -0.063, -0.066, -0.0642, -0.0723, -0.0683, -0.0604, -0.0583, -0.0444, -0.0483, -0.0503, -0.0533, -0.0601, -0.0671, -0.07, -0.07, -0.0631, -0.0594, -0.0596, -0.0506, -0.0515, -0.0504, -0.0591, -0.0561, -0.0632, -0.0651, -0.0641, -0.0581, -0.0562, -0.0591, -0.0584, -0.0594, -0.0524, -0.0513, -0.0513, -0.0523, -0.0533, -0.0641, -0.0631, -0.0612, -0.0641, -0.0701, -0.0652, -0.0553, -0.0523, -0.0454, -0.0474, -0.0483, -0.0532, -0.0672, -0.0603, -0.0631, -0.0542, -0.0592, -0.063, -0.0612, -0.0602, -0.0564, -0.0534, -0.0543, -0.0552, -0.0631, -0.0603, -0.0563, -0.0522, -0.0492, -0.0602, -0.0603, -0.0653, -0.0712, -0.0672, -0.0651, -0.0512, -0.0433, -0.0425, -0.0434, -0.0524, -0.0563, -0.0643, -0.0653, -0.0652, -0.0561, -0.062, -0.0563, -0.0543, -0.0543, -0.0543, -0.0592, -0.0562, -0.0671, -0.0601, -0.0661, -0.0681, -0.0604, -0.0583, -0.0495, -0.0553, -0.0522, -0.0591, -0.058, -0.058, -0.0601, -0.0583, -0.065, -0.0602, -0.0583, -0.0593, -0.0573, -0.0523, -0.0562, -0.0523, -0.0513, -0.0571, -0.0583, -0.0612, -0.0641, -0.0651, -0.0611, -0.0631, -0.0591, -0.0553, -0.0562, -0.0473, -0.0533, -0.0612, -0.0592, -0.0621, -0.0582, -0.0612, -0.0602, -0.0562, -0.0551, -0.0483, -0.0523, -0.0612, -0.0632, -0.0671, -0.0691, -0.0613, -0.0603, -0.0572, -0.0512, -0.0523, -0.0582, -0.0612, -0.0571, -0.0553, -0.0632, -0.0594, -0.0574, -0.0604, -0.0552, -0.0533, -0.0522, -0.0591, -0.0601, -0.0602, -0.0661, -0.0602, -0.0563, -0.0554, -0.0554, -0.0553, -0.0514, -0.0562, -0.0641, -0.0601, -0.0621, -0.0603, -0.0583, -0.0594, -0.0594, -0.0543, -0.0472, -0.0522, -0.0544, -0.0594, -0.0543, -0.0553, -0.0564, -0.0544, -0.0525, -0.0584, -0.0642, -0.0573, -0.0651];

vs =[1.006607828302562, 1.0038877526895125, 1.0052407870754152, 1.0110726581210672, 1.0133508079633626, 1.009801039809328, 1.0097461760264308, 1.0120557939165213, 1.0065696299809566, 1.0055442556148386, 1.0063968700269292, 1.0065486128349688, 1.007984335195741, 1.0047897989131858, 1.0056710297110083, 1.0056279878762324, 1.004059106825888, 1.0073855964823004, 1.0094188971878821, 1.0055259320375582, 1.0069312786878757, 1.0078944289954181, 1.0100574092594936, 1.0091136556404339, 1.007141608712499, 1.0041788884456793, 1.0042948969301795, 1.0079964583271113, 1.0060621551375442, 1.0119791351604044, 1.0085154931878835, 1.0093654145055695, 1.0083469492193646, 1.0074632350612105, 1.0079313915143233, 1.010947426921895, 1.0095922246134823, 1.0099178283405041, 1.0038702206958825, 1.0037323597453656, 1.0078285221207028, 1.007200858816155, 1.0083716279229598, 1.0069006455455276, 1.0130365294499504, 1.0104470396809524, 1.0056431474434657, 1.008214828298017, 1.0077401748466714, 1.0056833945134025, 1.0079594733916637, 1.0062131036713842, 1.0084376480477113, 1.0066050417119912, 1.0098415370740104, 1.0090925180576853, 1.0045460666390564, 1.006925881085594, 1.0059698255912053, 1.0069260598474945, 1.00691514041651, 1.013091733260123, 1.0092503455535697, 1.013761204623653, 1.0113908542200687, 1.0058576141780704, 1.0041788884456793, 1.0060270672303007, 1.0088128319961043, 1.007853496297949, 1.0038725715946222, 1.005747950532339, 1.0102973720642847, 1.0083478417689007, 1.0073483310156424, 1.0091955112860937, 1.0059024356268356, 1.00816559155726, 1.0070356796062392, 1.006472125793854, 1.0073269429534784, 1.0100048613744392, 1.0045498394803514, 1.0092565630205235, 1.009063412278931, 1.0053336709769547, 1.008059452611799, 1.0048714047080851, 1.008502756565395, 1.0037487982558184, 1.0072079278877824, 1.0075777538234951, 1.0084332798951052, 1.012480068939631, 1.008148629915252, 1.008214828298017, 1.0093819346511013, 1.0079484212994234, 1.004752287879953, 1.0103113876424437, 1.005505450010093, 1.006986439829256, 1.0061516883651291, 1.0054181219771205, 1.013331564691439, 1.0069006455455276, 1.0077201347596465, 1.0112210144177187, 1.0100055544401725, 1.0064527261625356, 1.0086994993554819, 1.0052132957735886, 1.0039427971752175, 1.0056279878762324, 1.0048015425943573, 1.0050441880832903, 1.0071547100619647, 1.0065560441426002, 1.0096642313165303, 1.0076639668063954, 1.0059664557031711, 1.0057352086906375, 1.0061179900985766, 1.0038702206958825, 1.004656961355467, 1.0055618827302475, 1.0161314531102754, 1.005470491859408, 1.0090152575655138, 1.010755331422991, 1.008941673239836, 1.0100666809671528, 1.0041641399691588, 1.008004325387545, 1.003976453907162, 0.9955515104704528, 1.0037623374086118, 1.005358940876342, 1.0093978254385136, 1.010985360922699, 1.0130023346468655, 1.0077164581369107, 1.007836946137618, 1.0076911530821338, 1.0045286456841336, 1.0064532776040822, 1.003692891277008, 1.0060003429422875, 1.0066324105650484, 1.0060516984727972, 1.0049956318313031, 1.0122417596602107, 1.0045073319792146, 1.0080493390702658, 1.0049394061335242, 1.008986818546209, 1.0152767947707662, 1.0101635560640663, 1.0067171797481156, 1.0053416185556032, 1.0040809180539185, 1.003510164373037, 1.0034693119373408, 1.0032845558464456, 1.0040016384448782, 1.0092087692841358, 1.0106767534676948, 1.0117029998967089, 1.0149110355100095, 1.0105245420077633, 1.0048268009960721, 1.008196796265491, 1.008160210482441, 1.0060499440882644, 1.0036548311047977, 1.0043059991855072, 1.0040013695209782, 1.0072964509021165, 1.0061831543014423, 1.006280149858875, 1.0119164194734662, 1.0081385916628725, 1.013169699507442, 1.0126623771030498, 1.0053939476642975, 1.0061179900985766, 1.006859528434826, 1.0036694774675574, 1.003606008351883, 1.0034384385700996, 1.005961579783244, 1.0134646417117865, 1.0057201449707567, 1.0100409942175614, 1.0136411692507366, 1.010392923569836, 1.007773516222767, 1.00507723086338, 1.0039873405576387, 1.0066129891870064, 1.0038000846782191, 1.0037134152735032, 1.0042174366142025, 1.0099565535209918, 1.0085551397915735, 1.01493236720483, 1.0062753350847868, 1.0098263068468756, 1.012494982703618, 1.0054758724106712, 1.012292986244595, 1.0082614591463863, 1.004305824935811, 1.0069378779249494, 1.0046864436230838, 1.0049053139475381, 1.0044313515616683, 1.013069992646115, 1.0055372593792833, 1.0124509321443682, 1.0118778483591782, 1.007563978117519, 1.0033183791798095, 1.0142625005391848, 1.0084437564881843, 1.009005966285631, 1.005009198962875, 1.0058236127671691, 1.0043671340700073, 1.0105611609398018, 1.0078871216559917, 1.0090075420927238, 1.0063745525399577, 1.0076639668063954, 1.0064077603039436, 1.0081697724093894, 1.0062045517686748, 1.006462488123626, 1.006819298583415, 1.0058124129279773, 1.0045549313004243, 1.007773724602899, 1.0076242801758997, 1.0081534655001687, 1.0060089959836342, 1.0069159895443116, 1.0062983951095221, 1.0072050486370687, 1.0062688209419985, 1.0053336709769547, 1.0095074541577196, 1.0058452564882931, 1.0087225832705442, 1.006111748266563, 1.009827633806879, 1.0054820784081633, 1.0055627827241818, 1.0103509885183466, 1.004791565450268, 1.0070098807856853, 1.0092599962348652, 1.009168568674233, 1.0077771479846127, 1.010005594043914, 1.005916964763991, 1.006964075823959, 1.0042422217771965, 1.0089951734275047, 1.0039897858046165, 1.0073030328555552, 1.0055041869629384, 1.0084001487504848, 1.0057823720865264, 1.0115263021790388, 1.0071930400871525, 1.0081099444009072, 1.0055627827241818, 1.0050058208786652, 1.0111379777260865, 1.0070879355845745, 1.0103603713527167, 1.0111115170939358, 1.0085706222174031, 1.0079202448606734, 1.0058178562741864, 1.004656961355467, 1.0069380417880736, 1.0042970626263923, 1.0076242801758997, 1.0079474291846773, 1.0079669935072277, 1.0129338132375678, 1.00572236228494, 1.0097103396519223, 1.0103964419969025, 1.006523983817574, 1.0092604173353874, 1.0064193658709077, 1.0063703145462906, 1.0068652839382237, 1.009678097217128, 1.008892967563953, 1.005244144474366, 1.009352525136783, 1.0062469180077025, 1.01356590806913, 1.0075972707386618, 1.0108653421697669, 1.0117142976156857, 1.0145230850010265, 1.0098819188400194, 1.0065560441426002, 1.0109236222385942, 1.0089567978858165, 1.0042124376843775, 1.0082785577408655, 1.0046870059874369, 1.006474808427911, 1.0105279115393102, 1.0069646021583878, 1.010944657238961, 1.0090712066053615, 1.0088865644858198, 1.0067618040033102, 1.0063400866506313, 1.0063568005434256, 1.006472125793854, 1.0083786689532854, 1.009473258684944, 1.0055531860622788, 1.0054191862104085, 1.005281149728771, 1.0052658404621138, 1.0096756409857575, 1.010075368475046, 1.0100449494948232, 1.0106664583333116, 1.0055302730400513, 1.004254868048943, 1.0079209542419485, 1.0058644292348746, 1.0072839420937874, 1.0072799710110394, 1.0052302522308012, 1.006120554406876, 1.0054820784081633, 1.0045776923662997, 1.0065898519257979, 1.0077609141061188, 1.0080443690631875, 1.0092041666580653, 1.0077762549296345, 1.0086201961095167, 1.0126625746022215, 1.007454599473346, 1.009027150278921, 1.009473258684944, 1.008237382762611, 1.005119500358042, 1.0042632772336146, 1.0043458268943022, 1.008281835599551, 1.0119356254228824, 1.0143369706364842, 1.0115869957645758, 1.010389855451845, 1.008626739681236, 1.007331052832186, 1.0081593772811914, 1.004487705250791, 1.010148038655721, 1.006178517957922, 1.0094828032215308, 1.006472125793854, 1.0069855113158284, 1.0042772824275175, 1.0085072979408725, 1.0069400627644132, 1.0129697132688615, 1.0060292639878823, 1.0069827456317213, 1.0046437925951666, 1.0056584907412656, 1.0039843723883355, 1.0061427632299504, 1.0049236687430545, 1.0062942859819883, 1.0084018891295274, 1.0074085566442246, 1.008661479387411, 1.010884810450726, 1.010068522428058, 1.0051430196743147, 1.0076582406748829, 1.0083148169098777, 1.0040201641401432, 1.008077164705163, 1.0108165115390626, 1.0076387894478855, 1.0133505365864273, 1.005270714782839, 1.007380236057865, 1.005496598701358, 1.0075973402108602, 1.0074861438253133, 1.0113613894152773, 1.0093978254385136, 1.0066653763788642, 1.0087817652991156, 1.0046603406126868, 1.0045704604456573, 1.0078253221664952, 1.0050937369220843, 1.0054095384468957, 1.007319780407394, 1.0072674619980535, 1.0074331441837716, 1.006697735171784, 1.005270714782839, 1.007141608712499, 1.0064612958281107, 1.0096399655322683, 1.0108514480377422, 1.0085567361333718, 1.01130416295, 1.0062179734033774, 1.0085005156171214, 1.0048567460091014, 1.011413115398451, 1.0053416185556032, 1.0063568005434256, 1.0039542270442412, 1.0060516984727972, 1.0091766545060383, 1.0069646021583878, 1.0111732294715878, 1.0049997512437505, 1.010075368475046, 1.0070879355845745, 1.0086838454144091, 1.0073269429534784, 1.0044581673718422, 1.0049529789995153, 1.0058004474049511, 1.006417676712805, 1.0045308058989528, 1.0106182563163995, 1.007558380442543, 1.0100692550513555, 1.0096092610510266, 1.0124444478587453, 1.0065560441426002, 1.0045274510932987, 1.0063269548213443, 1.0045979992016705, 1.0087113858780419, 1.0086016607164592, 1.009352525136783, 1.0050343824964398, 1.0055220534627771, 1.0051530331248073, 1.0060924510202827, 1.0070834225624015, 1.0072674619980535, 1.0042831572818494, 1.0091136556404339, 1.0066404174281895, 1.0105279115393102, 1.0064700691029018, 1.0075882740484825, 1.0079009127885539, 1.006650937515085, 1.0075295231406374, 1.0054298284813317, 1.004735054628831, 1.0063390035172044, 1.0091194032422526, 1.006321191270461, 1.0074705653268488, 1.0066050417119912, 1.006531241442609, 1.0083910402219962, 1.0055981951057789, 1.0059024356268356, 1.0076220372738978, 1.00435839718698, 1.0080898868652537, 1.009217191688687, 1.0052956729241402, 1.0075825177125692, 1.007835294083314, 1.0077843023187054, 1.0053710061464871, 1.0139130337459914, 1.010392923569836, 1.0127288087143567, 1.007105366880745, 1.004473568592026, 1.0042875783360063, 1.008270965564317, 1.0056526786122533, 1.0073269429534784, 1.0075272353638882, 1.0045776923662997, 1.0061516883651291, 1.012494982703618, 1.0075153447962963, 1.0096738582334397, 1.0081589458017024, 1.0045930170969732, 1.0085725209423464, 1.0057528573163488, 1.0080894107171248, 1.0048714047080851, 1.0068643751767168, 1.0101274127554403, 1.0069118481773864, 1.0049758653818508, 1.008160210482441, 1.0067216000464083, 1.0090712066053615, 1.0092321487150517, 1.0123279211796936, 1.0061773501724236, 1.0055291840618055, 1.006120554406876, 1.0036313566245327, 1.00331440236847, 1.0093578552723508, 1.0062179734033774, 1.0065840898802245, 1.0078944289954181, 1.0077479099457363, 1.0082062537001046, 1.0098691251840508, 1.0065935177617624, 1.0058819513243094, 1.008270965564317, 1.0104346045143149, 1.0103213053281612, 1.0093759160986555, 1.0045700473336838, 1.0065370882386797, 1.0062506695649946, 1.0055302730400513, 1.0076283541068105, 1.00834699384686, 1.0048384347744665, 1.0077660839698863, 1.0093759160986555, 1.0094846655596112, 1.0084455067082205, 1.0047965515466302, 1.0082614591463863, 1.0110477436797929, 1.0041751142106639, 1.0115521192701837, 1.0066152542058957, 1.0073493237204263, 1.0079405984481427, 1.0056431474434657, 1.007558380442543, 1.008699885991864, 1.0045873481186192, 1.006472125793854, 1.0055531860622788, 1.0062643638726356, 1.0062745847928385, 1.011992791476303, 1.005610794492581, 1.00710262634947, 1.005270714782839, 1.0095295240853532, 1.0045498394803514, 1.0094692219181327, 1.0105401822787652, 1.006617558956727, 1.0074767788887244, 1.0075071215629199, 1.004277934637618, 1.005036427200527, 1.0091706347293306, 1.006409956230561, 1.0093169670623792, 1.011470345586068, 1.008965237260432, 1.0045700473336838, 1.0114036236834434, 1.0051738456605404, 1.0052144099643618, 1.0070911676705343, 1.0056767422984385, 1.0067034965668886, 1.009554535426393, 1.0088330932319778, 1.0137190291200022, 1.0059970228584179, 1.0087461771922606, 1.0085491014323495, 1.007673215879037, 1.0063848220238618, 1.0081099444009072, 1.0070736417958719, 1.0052239402242666, 1.0099765294302636, 1.0052658404621138, 1.0097162274619538, 1.0087745932565908, 1.0067779199009086, 1.0079669935072277, 1.0061204152585315, 1.0080151338149643, 1.0084844718685557, 1.0045104777950304, 1.005036427200527, 1.0059469270294532, 1.0074391743425506, 1.0086798600150595, 1.0090773260756583, 1.008717492660854, 1.009825876079634, 1.0103331381282117, 1.0100055544401725, 1.009791280413928, 1.0064002136327277, 1.0075224712134216, 1.0070911676705343, 1.0048810327595998, 1.0079964583271113, 1.005401705787294, 1.0100140692089394, 1.0074040152788752, 1.0099011090200862, 1.0090526448109631, 1.005661513631699, 1.0054758724106712, 1.0061038216804465, 1.0051591913721927, 1.0060290701565238, 1.0082197032393285, 1.0046096455837958, 1.008514323150643, 1.0042948969301795, 1.0074042584781941, 1.0086701641270053, 1.0047505710374092, 1.009950815634108, 1.0055220534627771, 1.0075882740484825, 1.0057112309206853, 1.0066624608079908, 1.0075918370054413, 1.007839724360972, 1.010734732756325, 1.0079621272647104, 1.0045308058989528, 1.0051803121828442, 1.0041817863315388, 1.0057617511120613, 1.0045979992016705, 1.008214828298017, 1.008561535058719, 1.0111325580753496, 1.0082289571322576, 1.0103707339387855, 1.0089786172164403, 1.005664213343599, 1.0053336709769547, 1.0099902821314668, 1.0064002136327277, 1.0111260010503142, 1.0047123867057677, 1.0078777207578309, 1.0065457466007195, 1.0075579040432368, 1.0079802676640055, 1.0055695948068437, 1.0067108621645044, 1.0076033495379022, 1.0071211694726705, 1.0147610704003185, 1.0065198905138437, 1.0097567677416182, 1.0059227306309366, 1.0103117241722972, 1.007411559393677, 1.0052102516389296, 1.0042875185921607, 1.0060672989417756, 1.007221112765216, 1.0091973939720613, 1.010734732756325, 1.0108245990279423, 1.0119813288791448, 1.0112689157686992, 1.0100525035858285, 1.005836557299445, 1.0065152408185383, 1.0057766153575056, 1.0095963203181755, 1.0096505137917773, 1.007984335195741, 1.006177812317485, 1.004349635336221, 1.013708059551664, 1.0073879242873622, 1.0086448582132364, 1.0115566271840644, 1.0090938806672054, 1.0057528573163488, 1.0058337238331194, 1.0061044925851388, 1.0061800733467146, 1.0040662776928622, 1.0127392803678545, 1.0085706222174031, 1.0051147645915863, 1.007238616217627, 1.0101548693146016, 1.0077771479846127, 1.0085809486600468, 1.0116687353081542, 1.0056584907412656, 1.0047548009340388, 1.0081614255663625, 1.0042454829373144, 1.0080913599471033, 1.0072327288169305, 1.0082518385800248, 1.0100865408468722, 1.008085963596359, 1.0108257268194156, 1.012989940720045, 1.009608052662022, 1.008194445531218, 1.0074322508238458, 1.0052239402242666, 1.0048534022433322, 1.0049615365773956, 1.0079202448606734, 1.009245123842568, 1.009281457275422, 1.0068346934825, 1.0100055544401725, 1.0073855964823004, 1.0067754863920753, 1.0119878507175863, 1.0059056019329051, 1.0058452564882931, 1.0074767788887244, 1.006231414735199, 1.0053416185556032, 1.009352525136783, 1.0050966669927826, 1.0048722804416488, 1.0065486128349688, 1.0102634012969092, 1.009009831468455, 1.005916964763991, 1.0077329656213496, 1.0062469378835397, 1.0096375983490313, 1.0093234565787124, 1.0082364950744442, 1.007211799970592, 1.006737691754908, 1.0035757569810064, 1.006599528114334, 1.006164330514653, 1.007459646834552, 1.0061687184563033, 1.0052654873216327, 1.005214424886551, 1.0124687945808502, 1.0129121432779844, 1.0065370882386797, 1.0054191862104085, 1.0044313515616683, 1.0054298284813317, 1.0097207782352506, 1.0075203670397934, 1.01036311789376, 1.0088109089418096, 1.0092384306991087, 1.0113777830266986, 1.0047969944222563, 1.005604962199372, 1.0059982157041831, 1.0044975559950355, 1.0091842844594836, 1.00583874453115, 1.0126625746022215, 1.0077716854526126, 1.0078127058139326, 1.0086701641270053, 1.0131189466197934, 1.008759069352043, 1.0046785107684943, 1.0057617511120613, 1.0046209782798683, 1.007200858816155, 1.0085091422490924, 1.0082090904172607, 1.005244144474366, 1.0105401822787652, 1.005664213343599, 1.0079009127885539, 1.012064434707593, 1.0101712775564349, 1.0137922962816397, 1.0110215724701426, 1.0096637212458415, 1.0054736893623821, 1.0055856651722916, 1.0088436301032981, 1.004277934637618, 1.0079009127885539, 1.008699885991864, 1.0079405984481427, 1.0086311813542153, 1.0049074982305586, 1.0058452564882931, 1.011413115398451, 1.013331564691439, 1.0089084299380198, 1.007221112765216, 1.0078438619151284, 1.0100046831574594, 1.0132198330076252, 1.007543954376185, 1.0058672377605307, 1.0088011201421219, 1.0085567361333718, 1.0092087692841358, 1.0052045662451001, 1.011546973699195, 1.0058969529728181, 1.0105335521396603, 1.0054843310564316, 1.010987368862737, 1.00671337032941, 1.005619311668188, 1.0078084192940642, 1.0103509885183466, 1.0072629100686674, 1.005270714782839, 1.0087518277554692, 1.0078070499852638, 1.0078329623504085, 1.0122204354783595, 1.0067627625215385, 1.0065370882386797, 1.0054565182045416, 1.0044426364905066, 1.0054843310564316, 1.0051441986103289, 1.0065123397157134, 1.008172420769384, 1.0098952965530634, 1.0109416501460406, 1.006819298583415, 1.0096263368197167, 1.0067509175560756, 1.0066713763686737, 1.0083243228247547, 1.008918614160726, 1.0072631284823246, 1.005371876471587, 1.0057170576260501, 1.0073373516354887, 1.0044859083133022, 1.0054820784081633, 1.0082855399141653, 1.0051916284967757, 1.0095869749556003, 1.0129599794661188, 1.006617558956727, 1.0091526247302731];