% Date: 2012-11-03
% Test Duration: 18:15:20.094 - 18:15:26.702
% Comment:Phone in pocket while standing still. Top of the phone is at bottom of the pocket.

% Statistics:
%          Mean                       Min                       Max                      Range                    Std.Dev         
% X: 0.21246312211221124       0.201996                  0.222626                  0.02062999999999998       0.0030309695583486938    
% Y: 0.9663992739273928        0.957977                  0.973785                  0.015808000000000044      0.002244459248394377     
% Z: -0.10089163696369637      -0.109726                 -0.089951                 0.019775                  0.003332878262863698     

t = [20.094, 20.103, 20.112, 20.145, 20.149, 20.152, 20.159, 20.167, 20.191, 20.195, 20.203, 20.212, 20.223, 20.234, 20.28, 20.284, 20.287, 20.317, 20.328, 20.337, 20.37, 20.374, 20.391, 20.4, 20.403, 20.414, 20.417, 20.43, 20.389, 20.445, 20.448, 20.451, 20.465, 20.468, 20.48, 20.483, 20.495, 20.552, 20.56, 20.567, 20.578, 20.581, 20.594, 20.602, 20.606, 20.621, 20.63, 20.633, 20.644, 20.653, 20.659, 20.672, 20.682, 20.688, 20.697, 20.705, 20.716, 20.719, 20.735, 20.743, 20.751, 20.758, 20.769, 20.78, 20.795, 20.804, 20.814, 20.825, 20.837, 20.846, 20.858, 20.87, 20.879, 20.89, 20.903, 20.912, 20.926, 20.938, 20.946, 20.956, 20.966, 20.979, 20.988, 20.999, 21.01, 21.021, 21.031, 21.041, 21.054, 21.063, 21.125, 21.13, 21.139, 21.151, 21.154, 21.165, 21.172, 21.182, 21.202, 21.21, 21.219, 21.232, 21.237, 21.24, 21.25, 21.253, 21.263, 21.284, 21.287, 21.296, 21.312, 21.319, 21.327, 21.335, 21.349, 21.361, 21.369, 21.384, 21.395, 21.403, 21.412, 21.423, 21.438, 21.447, 21.456, 21.465, 21.476, 21.487, 21.497, 21.507, 21.52, 21.53, 21.541, 21.551, 21.564, 21.573, 21.584, 21.597, 21.607, 21.615, 21.625, 21.636, 21.648, 21.658, 21.669, 21.682, 21.691, 21.702, 21.711, 21.723, 21.734, 21.756, 21.764, 21.773, 21.782, 21.791, 21.801, 21.81, 21.825, 21.838, 21.85, 21.87, 21.883, 21.896, 21.864, 21.917, 21.954, 21.965, 21.974, 21.983, 21.909, 22.001, 22.01, 21.991, 22.023, 22.032, 22.045, 22.054, 22.064, 22.042, 22.077, 22.086, 22.097, 22.109, 22.123, 22.138, 22.148, 22.166, 22.169, 22.181, 22.121, 22.2, 22.211, 22.222, 22.237, 22.243, 22.257, 22.264, 22.267, 22.251, 22.283, 22.302, 22.307, 22.315, 22.318, 22.346, 22.349, 22.359, 22.362, 22.372, 22.383, 22.392, 22.403, 22.411, 22.422, 22.435, 22.445, 22.456, 22.466, 22.477, 22.486, 22.497, 22.509, 22.522, 22.53, 22.542, 22.557, 22.566, 22.574, 22.584, 22.596, 22.607, 22.62, 22.629, 22.637, 22.649, 22.662, 22.67, 22.683, 22.695, 22.704, 22.714, 22.726, 22.738, 22.751, 22.76, 22.772, 22.783, 22.792, 22.803, 22.817, 22.825, 22.837, 22.848, 22.858, 22.871, 22.88, 22.892, 22.904, 22.916, 22.928, 22.936, 22.946, 22.957, 22.97, 22.978, 22.989, 23.0, 23.013, 23.023, 23.033, 23.045, 23.056, 23.066, 23.077, 23.089, 23.099, 23.11, 23.122, 23.132, 23.141, 23.152, 23.166, 23.174, 23.186, 23.2, 23.207, 23.219, 23.233, 23.243, 23.254, 23.265, 23.275, 23.286, 23.3, 23.307, 23.319, 23.332, 23.341, 23.352, 23.365, 23.375, 23.389, 23.396, 23.408, 23.419, 23.429, 23.441, 23.455, 23.463, 23.474, 23.486, 23.497, 23.507, 23.517, 23.529, 23.541, 23.55, 23.562, 23.574, 23.584, 23.596, 23.606, 23.619, 23.629, 23.641, 23.649, 23.66, 23.672, 23.682, 23.694, 23.704, 23.717, 23.726, 23.737, 23.749, 23.758, 23.77, 23.782, 23.792, 23.804, 23.813, 23.825, 23.837, 23.846, 23.857, 23.868, 23.88, 23.891, 23.9, 23.912, 23.923, 23.934, 23.945, 23.954, 23.965, 23.976, 23.989, 24.0, 24.01, 24.022, 24.034, 24.043, 24.052, 24.064, 24.075, 24.086, 24.098, 24.107, 24.119, 24.131, 24.14, 24.152, 24.164, 24.173, 24.185, 24.197, 24.206, 24.219, 24.231, 24.241, 24.251, 24.263, 24.273, 24.286, 24.297, 24.305, 24.318, 24.329, 24.34, 24.352, 24.36, 24.372, 24.383, 24.393, 24.404, 24.416, 24.426, 24.437, 24.45, 24.458, 24.47, 24.482, 24.492, 24.503, 24.514, 24.525, 24.539, 24.548, 24.559, 24.573, 24.582, 24.591, 24.604, 24.613, 24.625, 24.636, 24.646, 24.657, 24.669, 24.679, 24.691, 24.702, 24.712, 24.724, 24.735, 24.745, 24.756, 24.769, 24.777, 24.789, 24.803, 24.81, 24.822, 24.836, 24.844, 24.856, 24.869, 24.878, 24.887, 24.899, 24.911, 24.924, 24.932, 24.943, 24.956, 24.966, 24.975, 24.987, 24.999, 25.008, 25.021, 25.033, 25.042, 25.053, 25.065, 25.076, 25.088, 25.101, 25.111, 25.121, 25.13, 25.14, 25.153, 25.164, 25.173, 25.189, 25.196, 25.208, 25.22, 25.23, 25.239, 25.338, 25.346, 25.349, 25.352, 25.361, 25.372, 25.382, 25.386, 25.399, 25.403, 25.415, 25.423, 25.432, 25.439, 25.448, 25.457, 25.464, 25.476, 25.484, 25.488, 25.49, 25.504, 25.515, 25.52, 25.531, 25.534, 25.546, 25.555, 25.564, 25.574, 25.581, 25.591, 25.599, 25.608, 25.62, 25.628, 25.639, 25.652, 25.662, 25.671, 25.683, 25.694, 25.706, 25.717, 25.726, 25.737, 25.749, 25.76, 25.772, 25.782, 25.794, 25.804, 25.816, 25.825, 25.837, 25.848, 25.858, 25.87, 25.882, 25.892, 25.904, 25.916, 25.925, 25.936, 25.948, 25.958, 25.971, 25.979, 25.992, 26.004, 26.013, 26.025, 26.036, 26.046, 26.057, 26.069, 26.078, 26.089, 26.101, 26.111, 26.123, 26.135, 26.144, 26.155, 26.167, 26.177, 26.19, 26.2, 26.212, 26.222, 26.233, 26.245, 26.254, 26.268, 26.277, 26.29, 26.303, 26.31, 26.323, 26.335, 26.344, 26.353, 26.364, 26.381, 26.396, 26.403, 26.412, 26.421, 26.429, 26.439, 26.45, 26.462, 26.475, 26.484, 26.494, 26.505, 26.518, 26.527, 26.541, 26.549, 26.561, 26.572, 26.583, 26.594, 26.603, 26.615, 26.627, 26.636, 26.648, 26.66, 26.669, 26.68, 26.692, 26.702];

x =[0.207977, 0.207962, 0.211853, 0.211853, 0.211884, 0.212875, 0.215805, 0.208954, 0.209961, 0.214767, 0.211899, 0.216812, 0.215759, 0.213806, 0.207901, 0.20607, 0.210968, 0.210968, 0.210861, 0.208969, 0.211853, 0.210892, 0.210938, 0.212814, 0.214859, 0.212921, 0.218781, 0.216782, 0.212875, 0.213791, 0.211884, 0.212814, 0.212891, 0.213837, 0.21785, 0.214813, 0.214828, 0.213989, 0.211914, 0.212936, 0.210876, 0.211792, 0.214813, 0.211792, 0.214737, 0.21376, 0.21579, 0.21283, 0.213699, 0.215759, 0.213821, 0.214859, 0.213821, 0.215759, 0.213898, 0.213806, 0.211884, 0.212875, 0.21286, 0.213806, 0.214783, 0.215805, 0.222626, 0.218674, 0.218658, 0.213684, 0.211884, 0.216782, 0.212845, 0.212936, 0.21582, 0.216736, 0.212845, 0.210892, 0.210922, 0.207993, 0.208954, 0.20903, 0.214798, 0.209, 0.209, 0.208908, 0.211884, 0.209, 0.208984, 0.210983, 0.209991, 0.211899, 0.21286, 0.210892, 0.209976, 0.212891, 0.214813, 0.214783, 0.210938, 0.211853, 0.207993, 0.210022, 0.209961, 0.212891, 0.214828, 0.208969, 0.208939, 0.21283, 0.213821, 0.211884, 0.21283, 0.211945, 0.210953, 0.212891, 0.212906, 0.214783, 0.213867, 0.216827, 0.208984, 0.208008, 0.211929, 0.210953, 0.209839, 0.213867, 0.213852, 0.21582, 0.212006, 0.212967, 0.212875, 0.214828, 0.214813, 0.215881, 0.21286, 0.214752, 0.21579, 0.212921, 0.215805, 0.215759, 0.210968, 0.216766, 0.210953, 0.212967, 0.208954, 0.208054, 0.204086, 0.210968, 0.212845, 0.211868, 0.209885, 0.204987, 0.207092, 0.206024, 0.208954, 0.208908, 0.212921, 0.209976, 0.211884, 0.209885, 0.210907, 0.210968, 0.214783, 0.210876, 0.21286, 0.213852, 0.21286, 0.210922, 0.210861, 0.214828, 0.215805, 0.214874, 0.212891, 0.211868, 0.21579, 0.212875, 0.21199, 0.214798, 0.215698, 0.212875, 0.212891, 0.214874, 0.213852, 0.209915, 0.208893, 0.212845, 0.208893, 0.213791, 0.210999, 0.211929, 0.216812, 0.213776, 0.217697, 0.210907, 0.212814, 0.213806, 0.219574, 0.215897, 0.217758, 0.216782, 0.213852, 0.212784, 0.208847, 0.207962, 0.210876, 0.209915, 0.207962, 0.2099, 0.208954, 0.206909, 0.208984, 0.209, 0.20607, 0.207016, 0.212875, 0.213882, 0.213913, 0.211853, 0.210953, 0.208038, 0.213791, 0.214737, 0.211929, 0.20903, 0.210052, 0.212875, 0.208939, 0.211823, 0.209915, 0.214737, 0.20993, 0.210907, 0.211807, 0.214828, 0.213821, 0.213882, 0.216782, 0.216736, 0.214813, 0.212723, 0.213837, 0.213821, 0.211914, 0.213837, 0.216751, 0.220718, 0.213791, 0.213837, 0.213898, 0.213791, 0.21579, 0.214767, 0.217728, 0.212799, 0.213898, 0.211868, 0.210861, 0.214722, 0.215744, 0.218796, 0.214783, 0.21669, 0.211853, 0.212784, 0.218689, 0.21669, 0.21669, 0.214752, 0.211853, 0.21669, 0.216782, 0.214737, 0.21376, 0.214798, 0.215775, 0.210861, 0.209824, 0.212769, 0.215775, 0.216721, 0.214828, 0.21286, 0.212921, 0.213776, 0.21373, 0.216736, 0.214813, 0.216721, 0.216751, 0.216751, 0.214828, 0.212799, 0.212845, 0.218674, 0.217682, 0.21669, 0.218674, 0.219681, 0.215759, 0.218613, 0.215683, 0.215714, 0.215759, 0.209839, 0.209869, 0.211792, 0.208939, 0.211884, 0.211914, 0.214844, 0.213852, 0.218643, 0.21579, 0.215698, 0.218613, 0.21962, 0.212891, 0.209015, 0.212814, 0.215729, 0.214661, 0.214722, 0.217712, 0.21579, 0.218765, 0.217682, 0.216766, 0.216858, 0.215591, 0.218643, 0.215698, 0.213821, 0.214706, 0.214752, 0.215744, 0.216751, 0.216721, 0.214767, 0.211853, 0.217728, 0.212814, 0.21582, 0.213776, 0.217697, 0.213867, 0.212784, 0.210876, 0.215714, 0.213821, 0.211792, 0.212753, 0.217636, 0.214722, 0.216751, 0.214752, 0.214783, 0.214767, 0.215805, 0.213791, 0.208969, 0.211914, 0.213821, 0.214828, 0.216736, 0.213806, 0.212814, 0.21666, 0.213837, 0.215729, 0.214828, 0.216782, 0.213776, 0.214767, 0.211914, 0.210876, 0.21373, 0.212799, 0.210846, 0.213882, 0.213867, 0.213821, 0.212906, 0.211838, 0.212723, 0.212799, 0.214905, 0.213821, 0.217789, 0.214844, 0.210999, 0.214813, 0.211868, 0.211853, 0.213806, 0.212799, 0.218643, 0.214767, 0.218765, 0.217697, 0.216797, 0.211853, 0.212799, 0.210938, 0.210938, 0.21199, 0.212814, 0.212769, 0.210892, 0.21283, 0.211884, 0.207947, 0.208969, 0.210876, 0.207947, 0.21286, 0.212738, 0.208817, 0.210907, 0.214706, 0.211807, 0.210876, 0.211853, 0.210861, 0.206024, 0.212769, 0.212814, 0.210922, 0.209946, 0.208023, 0.205948, 0.208954, 0.206985, 0.204926, 0.208969, 0.20694, 0.208923, 0.212891, 0.214874, 0.211853, 0.209885, 0.210892, 0.210907, 0.211853, 0.209915, 0.211884, 0.211807, 0.210846, 0.210892, 0.209915, 0.212891, 0.213882, 0.215759, 0.211914, 0.208984, 0.208893, 0.209915, 0.207947, 0.206909, 0.211777, 0.207001, 0.210938, 0.210007, 0.214798, 0.211929, 0.210968, 0.208984, 0.21283, 0.208969, 0.207016, 0.208878, 0.208008, 0.2108, 0.208878, 0.207947, 0.210983, 0.211899, 0.208939, 0.212769, 0.216675, 0.216751, 0.211838, 0.214737, 0.212845, 0.21286, 0.211853, 0.21376, 0.213791, 0.215744, 0.211838, 0.214798, 0.211823, 0.209915, 0.206955, 0.212845, 0.210876, 0.212875, 0.210876, 0.208008, 0.210892, 0.212814, 0.210953, 0.205994, 0.209961, 0.209015, 0.207016, 0.209915, 0.207031, 0.208923, 0.206024, 0.209915, 0.212799, 0.208908, 0.2099, 0.21283, 0.210938, 0.209946, 0.209991, 0.208008, 0.208939, 0.208862, 0.207916, 0.209808, 0.211792, 0.211899, 0.210892, 0.208984, 0.209976, 0.209015, 0.209946, 0.210907, 0.209854, 0.210861, 0.207016, 0.202026, 0.21283, 0.210831, 0.209869, 0.213882, 0.213837, 0.213806, 0.210876, 0.209839, 0.208878, 0.21286, 0.214737, 0.211807, 0.214874, 0.212906, 0.212784, 0.21283, 0.210938, 0.212845, 0.2099, 0.209839, 0.210876, 0.213821, 0.209, 0.210876, 0.213806, 0.216721, 0.210953, 0.213852, 0.214813, 0.208969, 0.210892, 0.206924, 0.20694, 0.210876, 0.211868, 0.211746, 0.207001, 0.210892, 0.209961, 0.211868, 0.212814, 0.210922, 0.213837, 0.214783, 0.21286, 0.213791, 0.212784, 0.20694, 0.210907, 0.207916, 0.210754, 0.213852, 0.213882, 0.211914, 0.210022, 0.210922, 0.212921, 0.211929, 0.210922, 0.212845, 0.209869, 0.205978, 0.204071, 0.210876, 0.211868, 0.21283, 0.21196, 0.215836, 0.212906, 0.21286, 0.211777, 0.212936, 0.210892, 0.212875, 0.207901, 0.203964, 0.201996, 0.207977];

y =[0.965027, 0.966965, 0.968811, 0.96788, 0.965912, 0.966782, 0.964844, 0.966934, 0.963989, 0.968765, 0.96492, 0.963791, 0.966843, 0.965912, 0.971848, 0.965958, 0.965836, 0.963928, 0.969818, 0.965958, 0.96788, 0.968811, 0.966843, 0.969742, 0.963837, 0.962875, 0.964645, 0.966705, 0.966797, 0.96785, 0.967834, 0.96788, 0.964859, 0.964905, 0.960815, 0.964874, 0.965805, 0.960815, 0.963959, 0.963821, 0.968826, 0.968918, 0.966797, 0.970825, 0.967911, 0.966949, 0.965836, 0.966873, 0.970856, 0.966843, 0.963974, 0.963852, 0.965881, 0.967804, 0.962875, 0.966873, 0.966873, 0.963943, 0.962997, 0.964966, 0.965897, 0.963882, 0.963745, 0.967743, 0.967773, 0.970886, 0.965927, 0.966721, 0.967819, 0.963821, 0.965775, 0.967773, 0.967819, 0.966919, 0.967834, 0.967865, 0.96788, 0.963928, 0.965881, 0.965897, 0.965881, 0.969849, 0.966873, 0.965881, 0.966873, 0.96579, 0.965851, 0.965897, 0.967773, 0.966919, 0.963974, 0.964859, 0.967743, 0.967819, 0.965881, 0.96788, 0.96788, 0.963882, 0.963989, 0.966766, 0.964859, 0.963074, 0.967926, 0.96785, 0.965897, 0.967834, 0.96785, 0.964844, 0.96489, 0.964844, 0.963882, 0.970642, 0.964828, 0.963776, 0.966873, 0.966873, 0.964859, 0.966812, 0.970871, 0.96579, 0.966766, 0.965759, 0.960938, 0.959961, 0.96489, 0.967728, 0.966797, 0.961853, 0.966827, 0.967865, 0.964874, 0.962875, 0.96579, 0.967804, 0.962967, 0.965805, 0.965866, 0.962784, 0.96788, 0.963943, 0.967941, 0.966782, 0.967804, 0.967865, 0.969849, 0.968994, 0.963928, 0.967941, 0.969772, 0.969864, 0.964798, 0.966827, 0.96875, 0.967957, 0.965958, 0.964859, 0.967819, 0.971695, 0.965881, 0.966782, 0.966827, 0.967834, 0.968872, 0.967728, 0.963882, 0.963821, 0.96582, 0.968765, 0.965836, 0.96489, 0.963806, 0.967789, 0.968826, 0.966782, 0.964844, 0.963806, 0.96582, 0.966934, 0.969894, 0.967804, 0.971802, 0.965958, 0.963867, 0.965836, 0.965714, 0.968811, 0.967789, 0.966904, 0.965958, 0.965912, 0.968781, 0.957977, 0.963852, 0.963867, 0.962952, 0.967941, 0.970917, 0.96698, 0.967926, 0.966934, 0.96698, 0.967926, 0.964066, 0.970917, 0.967834, 0.965881, 0.965958, 0.96788, 0.96489, 0.964813, 0.963806, 0.966919, 0.967773, 0.965881, 0.969742, 0.968826, 0.963928, 0.963913, 0.963821, 0.965836, 0.967926, 0.968857, 0.965988, 0.969788, 0.965973, 0.965942, 0.969849, 0.966766, 0.965897, 0.964798, 0.963867, 0.967773, 0.96489, 0.968964, 0.966797, 0.967804, 0.964905, 0.966812, 0.963913, 0.962784, 0.965942, 0.96489, 0.963837, 0.965942, 0.964874, 0.967834, 0.964844, 0.965988, 0.963821, 0.967865, 0.96698, 0.968842, 0.967834, 0.961792, 0.963989, 0.967865, 0.965988, 0.967926, 0.965805, 0.965942, 0.96785, 0.965958, 0.966919, 0.96785, 0.964813, 0.967896, 0.966949, 0.964905, 0.967773, 0.964127, 0.968079, 0.969849, 0.967773, 0.965881, 0.963913, 0.96492, 0.962891, 0.968811, 0.968887, 0.967773, 0.964874, 0.966827, 0.966782, 0.963913, 0.963913, 0.965988, 0.964935, 0.968658, 0.964935, 0.968781, 0.963913, 0.963837, 0.963974, 0.96785, 0.967941, 0.96788, 0.966827, 0.969925, 0.967026, 0.968002, 0.965042, 0.964005, 0.963959, 0.962921, 0.963928, 0.966827, 0.963913, 0.966949, 0.966873, 0.964905, 0.962021, 0.962067, 0.965973, 0.966888, 0.969925, 0.966965, 0.962967, 0.962021, 0.95993, 0.964935, 0.962936, 0.9599, 0.969986, 0.966843, 0.966934, 0.963974, 0.967957, 0.966904, 0.964951, 0.963913, 0.96492, 0.964966, 0.964066, 0.963898, 0.96405, 0.962906, 0.964996, 0.966812, 0.963898, 0.968842, 0.967926, 0.96788, 0.963974, 0.967987, 0.969864, 0.968826, 0.966949, 0.96582, 0.965958, 0.965897, 0.965927, 0.962921, 0.964981, 0.964035, 0.962982, 0.965897, 0.963898, 0.963943, 0.965912, 0.96405, 0.967911, 0.963943, 0.966888, 0.963913, 0.963852, 0.966919, 0.965927, 0.965866, 0.965042, 0.967957, 0.966949, 0.967972, 0.964813, 0.963898, 0.963989, 0.962921, 0.966965, 0.969925, 0.965988, 0.961884, 0.963989, 0.963791, 0.964828, 0.962906, 0.962967, 0.964996, 0.967896, 0.966858, 0.968826, 0.966827, 0.965927, 0.961853, 0.965881, 0.965744, 0.967896, 0.969788, 0.963974, 0.963989, 0.961929, 0.965958, 0.968872, 0.967896, 0.96785, 0.965912, 0.966049, 0.964035, 0.967911, 0.967957, 0.964905, 0.96991, 0.970016, 0.965942, 0.970795, 0.967972, 0.966949, 0.965988, 0.967941, 0.966049, 0.968872, 0.968781, 0.966858, 0.96785, 0.964005, 0.969971, 0.967896, 0.967957, 0.971024, 0.96785, 0.968964, 0.967957, 0.96582, 0.96286, 0.968811, 0.966995, 0.966934, 0.964981, 0.967896, 0.967911, 0.964951, 0.97081, 0.970795, 0.966934, 0.965027, 0.963913, 0.964813, 0.966827, 0.966812, 0.96402, 0.968933, 0.966934, 0.969849, 0.969971, 0.970856, 0.967926, 0.963974, 0.962952, 0.967773, 0.963928, 0.962036, 0.965927, 0.96875, 0.966888, 0.965027, 0.96991, 0.96785, 0.970886, 0.970871, 0.967972, 0.963898, 0.966827, 0.966003, 0.968872, 0.969757, 0.963913, 0.967911, 0.967896, 0.965912, 0.963959, 0.965973, 0.967926, 0.96785, 0.967834, 0.964096, 0.966827, 0.968857, 0.966949, 0.967041, 0.964005, 0.966003, 0.965851, 0.967926, 0.964981, 0.968811, 0.969742, 0.963959, 0.968002, 0.965912, 0.964905, 0.964066, 0.967911, 0.966888, 0.969833, 0.966034, 0.966934, 0.966949, 0.966064, 0.967941, 0.964981, 0.965897, 0.964981, 0.962982, 0.965927, 0.966949, 0.972809, 0.968933, 0.970932, 0.969879, 0.964935, 0.966934, 0.965912, 0.967789, 0.965866, 0.966873, 0.964981, 0.967041, 0.968872, 0.965988, 0.972015, 0.966873, 0.969879, 0.970825, 0.963852, 0.967773, 0.966873, 0.966019, 0.969925, 0.969925, 0.966812, 0.967896, 0.969849, 0.96286, 0.962921, 0.969818, 0.968765, 0.966827, 0.964935, 0.967926, 0.968964, 0.966019, 0.963974, 0.963989, 0.967911, 0.966858, 0.966827, 0.965866, 0.963928, 0.965851, 0.965958, 0.966934, 0.96994, 0.968948, 0.966949, 0.967865, 0.973785, 0.967926, 0.966934, 0.963989, 0.964981, 0.967865, 0.963058, 0.963943, 0.967819, 0.965881, 0.966888, 0.966965, 0.968033, 0.965942, 0.968933, 0.970978, 0.963913, 0.962906, 0.966797, 0.964813, 0.964951, 0.963852, 0.964859, 0.965927, 0.966858, 0.968918, 0.968033, 0.966064, 0.967911, 0.967865, 0.965927, 0.965759, 0.963837, 0.964828, 0.966827, 0.96991, 0.960968, 0.967896, 0.963928, 0.96994, 0.969101, 0.9711, 0.965988];

z =[-0.098892, -0.100906, -0.102844, -0.100861, -0.10083, -0.105759, -0.10173, -0.101868, -0.10083, -0.102798, -0.100815, -0.103668, -0.099777, -0.098816, -0.102951, -0.104858, -0.106766, -0.102783, -0.103851, -0.101852, -0.100861, -0.104828, -0.104797, -0.105804, -0.103699, -0.103714, -0.108597, -0.105698, -0.104767, -0.10083, -0.102829, -0.099838, -0.102768, -0.099777, -0.103622, -0.100769, -0.103729, -0.107651, -0.099792, -0.106705, -0.103836, -0.0979, -0.102768, -0.100906, -0.096863, -0.095856, -0.101746, -0.10083, -0.0979, -0.099777, -0.097794, -0.102722, -0.1008, -0.101776, -0.102722, -0.099808, -0.101822, -0.099777, -0.097794, -0.096832, -0.098801, -0.100739, -0.100632, -0.10173, -0.099747, -0.095917, -0.099823, -0.104706, -0.102814, -0.106705, -0.104706, -0.101761, -0.102814, -0.100861, -0.104813, -0.10585, -0.103851, -0.104782, -0.099777, -0.104813, -0.105804, -0.103882, -0.101822, -0.105804, -0.104828, -0.108734, -0.106781, -0.101807, -0.105774, -0.100861, -0.101807, -0.102768, -0.105743, -0.101791, -0.10379, -0.100861, -0.104858, -0.10675, -0.10083, -0.10675, -0.101746, -0.097855, -0.101883, -0.101822, -0.099792, -0.102829, -0.101822, -0.104752, -0.103775, -0.103745, -0.102753, -0.107773, -0.103729, -0.10466, -0.104828, -0.105835, -0.10376, -0.106781, -0.100937, -0.105728, -0.105743, -0.105698, -0.102737, -0.101715, -0.101776, -0.106735, -0.102768, -0.103653, -0.102798, -0.098831, -0.099747, -0.103714, -0.103714, -0.101776, -0.101776, -0.10173, -0.104782, -0.108658, -0.103851, -0.104797, -0.105911, -0.107773, -0.10379, -0.101837, -0.10289, -0.100983, -0.106796, -0.103897, -0.107849, -0.102905, -0.10672, -0.106796, -0.106796, -0.098907, -0.099838, -0.105759, -0.101791, -0.108826, -0.101791, -0.104752, -0.102798, -0.104813, -0.101868, -0.106735, -0.100739, -0.104691, -0.104752, -0.105804, -0.101746, -0.101776, -0.107712, -0.102783, -0.098831, -0.105759, -0.103745, -0.105682, -0.103745, -0.100876, -0.101913, -0.10379, -0.104904, -0.096848, -0.106735, -0.104767, -0.106674, -0.101822, -0.099762, -0.101837, -0.097839, -0.098816, -0.097778, -0.098679, -0.099701, -0.099716, -0.09877, -0.096893, -0.098969, -0.099899, -0.099869, -0.100876, -0.099899, -0.100891, -0.09787, -0.100983, -0.106827, -0.105804, -0.104858, -0.105865, -0.101776, -0.104721, -0.106689, -0.098862, -0.107788, -0.106812, -0.104797, -0.099823, -0.101776, -0.105774, -0.109726, -0.10376, -0.101883, -0.100876, -0.098877, -0.101822, -0.099854, -0.100845, -0.100891, -0.104736, -0.099792, -0.105713, -0.099716, -0.101761, -0.099762, -0.093933, -0.10376, -0.102798, -0.101791, -0.102783, -0.097748, -0.101624, -0.097824, -0.100784, -0.104706, -0.097824, -0.099747, -0.100815, -0.09874, -0.095856, -0.105698, -0.101837, -0.097885, -0.098846, -0.099792, -0.103607, -0.095795, -0.096832, -0.096878, -0.09787, -0.099716, -0.093826, -0.097809, -0.095825, -0.098862, -0.097809, -0.101715, -0.097839, -0.095856, -0.098785, -0.102768, -0.092911, -0.092987, -0.099869, -0.102768, -0.097778, -0.099747, -0.099792, -0.102737, -0.101822, -0.09787, -0.101761, -0.100769, -0.098785, -0.101746, -0.097748, -0.099747, -0.095856, -0.098816, -0.104706, -0.093796, -0.099792, -0.095734, -0.098694, -0.095779, -0.095795, -0.093872, -0.097824, -0.100784, -0.098938, -0.095917, -0.093933, -0.097885, -0.097824, -0.099792, -0.099731, -0.099762, -0.097763, -0.098755, -0.093857, -0.094803, -0.093765, -0.097778, -0.098831, -0.096863, -0.097809, -0.093918, -0.093872, -0.093765, -0.094772, -0.097672, -0.093796, -0.096756, -0.100677, -0.089951, -0.096786, -0.094849, -0.097794, -0.093887, -0.097824, -0.095795, -0.097748, -0.095779, -0.09581, -0.093872, -0.097733, -0.093857, -0.099716, -0.094849, -0.09877, -0.101746, -0.100861, -0.099869, -0.097824, -0.097794, -0.094925, -0.098892, -0.096832, -0.094864, -0.100754, -0.095825, -0.098801, -0.097809, -0.09874, -0.095825, -0.098862, -0.098801, -0.099792, -0.100754, -0.095764, -0.098816, -0.093857, -0.093857, -0.098785, -0.097809, -0.099747, -0.100723, -0.097839, -0.097809, -0.102798, -0.095871, -0.094894, -0.096878, -0.0979, -0.104721, -0.101746, -0.096817, -0.101746, -0.096893, -0.095917, -0.095856, -0.102692, -0.096817, -0.102676, -0.102737, -0.104736, -0.097763, -0.096863, -0.099854, -0.100815, -0.101837, -0.097763, -0.097809, -0.100662, -0.096786, -0.104691, -0.099854, -0.102844, -0.100815, -0.099808, -0.102737, -0.097839, -0.098877, -0.101852, -0.101822, -0.10083, -0.097916, -0.098862, -0.100876, -0.100922, -0.1008, -0.096924, -0.095001, -0.100845, -0.099854, -0.095901, -0.098877, -0.096878, -0.098892, -0.099915, -0.098877, -0.103806, -0.103806, -0.104828, -0.101837, -0.100983, -0.102875, -0.101913, -0.098038, -0.105835, -0.099945, -0.099899, -0.104752, -0.102707, -0.102844, -0.0979, -0.099854, -0.098846, -0.099854, -0.101868, -0.098831, -0.101883, -0.103867, -0.099854, -0.09787, -0.101761, -0.104721, -0.100784, -0.104782, -0.099838, -0.099915, -0.100876, -0.104889, -0.098984, -0.098923, -0.102905, -0.100815, -0.102783, -0.10376, -0.101776, -0.098801, -0.102844, -0.105789, -0.103836, -0.099884, -0.100937, -0.106842, -0.098938, -0.101929, -0.099915, -0.104752, -0.10379, -0.098892, -0.098877, -0.100815, -0.097748, -0.098877, -0.097839, -0.099808, -0.098801, -0.097855, -0.096878, -0.10083, -0.099792, -0.092896, -0.101776, -0.100876, -0.099869, -0.097946, -0.096832, -0.09787, -0.102783, -0.099869, -0.101852, -0.104828, -0.105804, -0.101791, -0.100952, -0.102829, -0.104797, -0.098892, -0.101868, -0.10585, -0.104874, -0.100922, -0.100876, -0.096878, -0.095917, -0.099884, -0.096848, -0.102814, -0.099838, -0.101791, -0.103836, -0.100891, -0.103928, -0.100937, -0.097961, -0.098907, -0.099808, -0.099854, -0.103821, -0.107803, -0.106796, -0.103821, -0.098846, -0.09494, -0.101868, -0.101883, -0.100082, -0.10083, -0.100906, -0.102905, -0.103714, -0.104767, -0.099808, -0.096893, -0.098938, -0.09993, -0.103775, -0.097839, -0.100891, -0.102707, -0.101746, -0.101852, -0.104797, -0.105789, -0.098816, -0.100891, -0.097931, -0.096893, -0.097794, -0.101822, -0.100876, -0.100815, -0.098785, -0.104782, -0.099762, -0.101761, -0.101852, -0.099854, -0.100967, -0.100952, -0.098877, -0.101837, -0.100952, -0.102905, -0.099854, -0.10083, -0.097839, -0.100845, -0.096848, -0.098785, -0.101791, -0.101791, -0.098831, -0.095871, -0.097961, -0.100845, -0.100937, -0.093994, -0.100769, -0.10173, -0.105774, -0.108734, -0.10083, -0.104721, -0.10376, -0.101822, -0.101807, -0.099899, -0.098969, -0.100952, -0.100876, -0.101837, -0.098831, -0.108719, -0.102707, -0.104736, -0.102798, -0.097916, -0.100754, -0.101852, -0.100784, -0.099945, -0.096039, -0.096115, -0.100891];

vs =[0.9921245742959903, 0.9942089948823637, 0.9970222342886842, 0.9959148203184848, 0.9940057897718705, 0.9955742901612115, 0.9939037857162031, 0.9944849038049798, 0.9917283411005253, 0.997596069718601, 0.9930435321908099, 0.9933013587270481, 0.9956368727899746, 0.9942150668924707, 0.9991547774524225, 0.9932446339286208, 0.9943569050778499, 0.9920831776101235, 0.9978949567193933, 0.9935374832531484, 0.9959148203184848, 0.9970251245425062, 0.9951194087656013, 0.9984407000798795, 0.9929247882145958, 0.991574612251645, 0.9950871370864965, 0.9963358167570812, 0.9954839672857619, 0.9962965939322487, 0.9960779508918968, 0.9960166259857312, 0.9933965620969302, 0.9933395045617586, 0.9906369696356985, 0.9936200743775259, 0.9948316807631329, 0.9902249714822384, 0.9920095464969074, 0.9928134855862908, 0.9969325055127854, 0.9966154483992308, 0.9956918830652381, 0.9987687683968698, 0.9961657110435994, 0.9949231522770993, 0.9948651926326502, 0.9951415456752873, 0.9989059241675364, 0.9956368727899746, 0.9922343267358775, 0.9928377899077976, 0.9943873320804123, 0.9967722320936714, 0.9916816169078663, 0.9952477282712079, 0.9950406761881646, 0.992198227474228, 0.9910783359780396, 0.9931006107217939, 0.9944095681855641, 0.99286890074672, 0.9942301344884895, 0.9973433838077035, 0.9971686740476758, 0.9987394794144266, 0.9939187240987062, 0.9962465928679506, 0.9962666959112906, 0.9928134855862908, 0.9951195754586482, 0.9969525436779827, 0.9962666959112906, 0.9947767234641148, 0.9960805723479401, 0.9956043234006168, 0.9956096116033633, 0.9918820482335589, 0.9944947142614685, 0.9937926240307885, 0.9938820818271149, 0.9975174711196791, 0.9950406761881646, 0.9938820818271149, 0.9947394734145217, 0.9945286487301409, 0.9941662618712224, 0.9940939925676043, 0.9965350461499084, 0.9947767234641148, 0.9918167464310129, 0.9933965620969302, 0.9969216223289572, 0.9965775240948392, 0.9940791266820767, 0.9959148203184848, 0.9955139288894956, 0.9922566769279005, 0.9917283411005253, 0.9956679361800299, 0.9937083113172597, 0.9903308404073863, 0.9954478353414608, 0.9961917240591792, 0.9943012008008438, 0.9960779508918968, 0.9961917240591792, 0.9933869381389108, 0.9931178837046486, 0.9934835415053438, 0.992449320504075, 0.9999463229503872, 0.993675937473581, 0.9933941019076971, 0.9947394734145217, 0.9946415301092147, 0.9932939789015134, 0.9953033675789508, 0.9984043181652411, 0.994820500277814, 0.9957664177451457, 0.9952089155976247, 0.9893954088477467, 0.9885474221477693, 0.9933211121792389, 0.9970160037797788, 0.9956918830652381, 0.9912162953558622, 0.9953046047984506, 0.9963175428998527, 0.9937286470586425, 0.991574612251645, 0.9950269925589958, 0.9967722320936714, 0.9910455561118268, 0.9950456219093675, 0.9941717988803545, 0.9920254707964912, 0.9956096116033633, 0.9916929894750693, 0.9948758790914574, 0.9953843238051322, 0.9963533211371356, 0.9960027521136676, 0.9976197412471347, 0.9955735073283137, 0.9916903101593764, 0.9950629400525376, 0.9978731948003213, 0.9974307845585075, 0.9937603792891927, 0.9951129353601027, 0.9973849695939878, 0.9953768440761518, 0.993742545459839, 0.9933002330544376, 0.9965775240948392, 1.0002514477255207, 0.9942820995280968, 0.9956772041841674, 0.9953046047984506, 0.9960805723479401, 0.9967709883062407, 0.9970160037797788, 0.99286890074672, 0.9930165967384433, 0.994536993673438, 0.9972904095924116, 0.9948651926326502, 0.9933211121792389, 0.9927052133841144, 0.9966534374666051, 0.9974552681905089, 0.9955742901612115, 0.9934835415053438, 0.9931070066392645, 0.9946376100515203, 0.9945861626611341, 0.9973549600087223, 0.9963533211371356, 0.9995200157420561, 0.9940628675033587, 0.9924477477000994, 0.994348633139303, 0.9954849649371907, 0.9973277553447513, 0.9969754204462616, 0.9948647558507638, 0.9939502634845468, 0.9942150668924707, 0.998153247112386, 0.9869493361763815, 0.9931613735284917, 0.9929639015941113, 0.9913449173259528, 0.9957786217759448, 0.9980439635902819, 0.9941218859098717, 0.9956521711988578, 0.9945861626611341, 0.9941218859098717, 0.9955489668303613, 0.991293883453338, 0.9978420323172401, 0.9958860234690514, 0.9938820818271149, 0.9932446339286208, 0.9954168558352826, 0.9933211121792389, 0.9937686464836772, 0.9930072104098742, 0.9947802476999631, 0.9963453220053777, 0.9937880654088175, 0.9985432136137123, 0.9973466943716212, 0.9921841786689606, 0.9919727574611109, 0.992528366255091, 0.9944451126738971, 0.9954478353414608, 0.9968594871665715, 0.9934655426827846, 0.9984830813774462, 0.9935518421023636, 0.9938286693580539, 0.9978217686195265, 0.995870070860652, 0.9943012008008438, 0.9938591092790768, 0.9929639015941113, 0.9969525436779827, 0.9935339922282478, 0.9964766512638418, 0.9955846721288953, 0.9964594478758281, 0.9931317184049657, 0.9954978910083134, 0.9928060933908495, 0.9929737678085961, 0.9941428841072092, 0.9934265898016823, 0.9928229768740247, 0.9941428841072092, 0.9937286470586425, 0.9964894279770358, 0.9940216365452013, 0.9937829759464588, 0.9929125548853737, 0.9960027521136676, 0.9945321286645293, 0.9972616958271284, 0.9965974956601085, 0.9917912841566012, 0.9922616647008993, 0.9965408423888105, 0.9936799568457643, 0.9958595829894894, 0.9952625067799953, 0.9943851475861856, 0.9966216830277174, 0.9941708655422367, 0.9947802476999631, 0.9966216830277174, 0.9940847558020393, 0.9962465136230089, 0.9949231522770993, 0.993447691654674, 0.9968473764714436, 0.9912798229415345, 0.9949118771961666, 0.9979236179803542, 0.9968473764714436, 0.9947133432733272, 0.9925869257460527, 0.9931457240828256, 0.9914884372956652, 0.9973277553447513, 0.9969960223436201, 0.9969525436779827, 0.9936200743775259, 0.9957313472995615, 0.9959923092278374, 0.9928060933908495, 0.9925869257460527, 0.9937829759464588, 0.9930594897114674, 0.9985389254686069, 0.9936210026790899, 0.9977222185182607, 0.9930315144047545, 0.9934696824594096, 0.9924572714217978, 0.9968460002899144, 0.9961128893624457, 0.9964405447250728, 0.9957227569288551, 0.9972841317247558, 0.9941752122870495, 0.9953427207535102, 0.9922414225933122, 0.9918518056932699, 0.9920095464969074, 0.9916254680765314, 0.9923922227284936, 0.9960506079246174, 0.9926964015720012, 0.9951508087993497, 0.9958025159171873, 0.9940153311946451, 0.9901351016937032, 0.989458311034376, 0.993869244968371, 0.9954787825292912, 0.99782485500713, 0.99495668292293, 0.99171358428631, 0.9904703228895856, 0.9893753330809294, 0.9936210026790899, 0.9917635617363646, 0.9892276080321454, 0.9977191498001831, 0.9959707214039979, 0.9952302850903403, 0.9922343267358775, 0.9959187662927133, 0.9952845330336446, 0.9934045439608177, 0.9928060933908495, 0.9935855348594805, 0.9932088408512079, 0.9915225153010898, 0.9930038145329554, 0.9917113176449082, 0.9918213134894814, 0.9929319165949899, 0.9959281801681283, 0.9925677289782295, 0.997048039434911, 0.9956521711988578, 0.9964405447250728, 0.9922343267358775, 0.9954222415929835, 0.9978374843475264, 0.9976801506474908, 0.9950352176586514, 0.9949576055877959, 0.9941708655422367, 0.9944095681855641, 0.9943371833030282, 0.9917349635189837, 0.9930142761647488, 0.9913653308594164, 0.9909609040325456, 0.9943012008008438, 0.9926740615650235, 0.9926385770465502, 0.9942150668924707, 0.9917113176449082, 0.996294331997327, 0.9923058228404185, 0.9954787825292912, 0.9925869257460527, 0.9930509735945079, 0.9950904484809409, 0.9943371833030282, 0.9941690510954362, 0.9924545318456659, 0.9958042669043952, 0.9948161286820796, 0.9954949716096009, 0.9937686464836772, 0.9925677289782295, 0.9921530847863146, 0.9914121572751668, 0.9946280223872641, 0.9975999454906762, 0.9937829759464588, 0.9909342235209155, 0.9921530847863146, 0.9934120500467064, 0.9937836309222445, 0.9913012521595037, 0.9914674337702676, 0.9927173667308333, 0.9958288917986864, 0.9953346482590667, 0.9971348992217652, 0.9960506079246174, 0.9943371833030282, 0.9915402952366585, 0.9948294425508324, 0.9953002653601575, 0.9958288917986864, 0.9981728646286675, 0.991919541467452, 0.9918322785778854, 0.9903545084009059, 0.9939502634845468, 0.9968752484007214, 0.9958272603137555, 0.9961917240591792, 0.9940057897718705, 0.9930156938669197, 0.9913653308594164, 0.9957391017093784, 0.9951723261536164, 0.9932329427807961, 0.9976858856974975, 0.9967751851576161, 0.9938286693580539, 0.9992559330707024, 0.9955043946834188, 0.9946032963478454, 0.9936799568457643, 0.9955660542957459, 0.992813963541005, 0.9968752484007214, 0.9972974030814479, 0.9950267171709511, 0.9958914875627766, 0.9914383405552764, 0.9967225721503452, 0.9955238352530792, 0.9950727629892198, 0.997243061392758, 0.9957925048352192, 0.9958435619719596, 0.9952735221932713, 0.994536993673438, 0.9918764758401118, 0.9970222342886842, 0.9943417185505192, 0.994689709073136, 0.9926936207743051, 0.9958288917986864, 0.9956370325424823, 0.9928710029092399, 0.998856549779797, 0.9988429913805272, 0.994689709073136, 0.9924313350826847, 0.9923739973271166, 0.9937686464836772, 0.9957227569288551, 0.9952950588966069, 0.9914517128433437, 0.9962180740997425, 0.9945861626611341, 0.9974220470447802, 0.9967210780243388, 0.99859733145748, 0.9951480264272244, 0.991919541467452, 0.990930794476587, 0.996739132337544, 0.9921841786689606, 0.9898395829229097, 0.9936126860708855, 0.9974790644023562, 0.9946468531096853, 0.9920229576179173, 0.9972681208947772, 0.9956988317397988, 0.9984212501945259, 0.998303580363208, 0.9950853002722932, 0.9922631516875954, 0.9952024910690287, 0.9932758576518408, 0.9968752484007214, 0.9987694222887483, 0.9928060933908495, 0.9957427897273472, 0.9962465136230089, 0.9941079532088052, 0.9921128821268274, 0.9937611037684057, 0.9959715989725811, 0.9962965939322487, 0.9965974956601085, 0.9914565559196227, 0.9956158812056987, 0.9968594871665715, 0.9944991166346001, 0.9937766784454142, 0.9919602160742134, 0.9935839271470729, 0.9943582176031935, 0.9956521711988578, 0.9923857558071861, 0.9970251245425062, 0.9984407000798795, 0.992007827373857, 0.9948129001696752, 0.9938025037732597, 0.9928299655323665, 0.9909886499228939, 0.9956370325424823, 0.9944538511187937, 0.997608853055144, 0.992901217551877, 0.9945861626611341, 0.9948161286820796, 0.9930368953110453, 0.9954620047681378, 0.992907082442763, 0.993993245977557, 0.9925891796312308, 0.9908541568192566, 0.9935110529274448, 0.9943967358167463, 1.0003907809996053, 0.9961167097855552, 0.9981606599185323, 0.9976490969043175, 0.9929563823703436, 0.994689709073136, 0.9936997051629833, 0.9961560901314613, 0.9939767531471749, 0.9948364293118743, 0.9926936207743051, 0.9940928531062881, 0.9967709883062407, 0.9931609064441672, 0.9978196588687757, 0.9951415456752873, 0.9976457317294551, 0.9985667813476473, 0.9927299641010138, 0.9966378311036562, 0.9952477282712079, 0.9935037237907062, 0.9972841317247558, 0.9971812921475213, 0.995391417267097, 0.9962465136230089, 0.9978217686195265, 0.9918764758401118, 0.9914121572751668, 0.9980970963207938, 0.9973889137813795, 0.9952088224558704, 0.9930594897114674, 0.9955489668303613, 0.9962500288471765, 0.9935037237907062, 0.9922343267358775, 0.9916266998245862, 0.9957391017093784, 0.9953346482590667, 0.9957313472995615, 0.9941717988803545, 0.9923922227284936, 0.9946698348150506, 0.9935374832531484, 0.994689709073136, 0.9968929132384281, 0.9959295640797095, 0.9946032963478454, 0.9960027521136676, 1.0016411039114759, 0.9951480264272244, 0.994689709073136, 0.9917283411005253, 0.9927984940087289, 0.996103494043666, 0.990630272378146, 0.9923058228404185, 0.9965775240948392, 0.9942820995280968, 0.9951615762206657, 0.9947309136253883, 0.9947403732683218, 0.9938286693580539, 0.9961167097855552, 0.9980232447373157, 0.992479390634385, 0.9916060042476549, 0.9953854136368485, 0.9933762873196642, 0.9928671670394786, 0.9926290938643699, 0.9932939789015134, 0.9939168874191644, 0.9952296475879324, 0.9964069941976521, 0.9946404820506755, 0.9925300657617381, 0.9957391017093784, 0.9960027521136676, 0.9940217023737459, 0.9947046338697735, 0.9930335690770983, 0.9935751929854127, 0.9953046047984506, 0.9975782921079428, 0.9894203381960571, 0.9958272603137555, 0.9922854274174342, 0.9969931957771828, 0.9949781661011462, 0.9965318295172513, 0.9932604102419464];