% Date: 2012-11-03
% Test Duration: 20:37:31.085 - 20:37:38.031
% Comment:Dropped phone while screen is facing up.

% Statistics:
%          Mean                       Min                       Max                      Range                    Std.Dev         
% X: -0.018062813397129188     -1.499069                 0.40744                   1.906509                  0.14385942305990201      
% Y: -0.19471614194577352      -1.993896                 1.993881                  3.987777                  0.35979213741019284      
% Z: -0.9058327177033494       -2.05925                  1.012558                  3.071808                  0.3041075995077068       

t = [31.085, 31.095, 31.103, 31.115, 31.125, 31.136, 31.146, 31.158, 31.168, 31.179, 31.19, 31.201, 31.212, 31.223, 31.234, 31.245, 31.255, 31.267, 31.278, 31.288, 31.298, 31.31, 31.321, 31.333, 31.343, 31.354, 31.365, 31.377, 31.388, 31.399, 31.411, 31.422, 31.433, 31.443, 31.454, 31.465, 31.477, 31.488, 31.498, 31.51, 31.522, 31.533, 31.543, 31.554, 31.565, 31.576, 31.588, 31.599, 31.609, 31.619, 31.631, 31.642, 31.653, 31.663, 31.674, 31.686, 31.697, 31.707, 31.719, 31.73, 31.741, 31.751, 31.762, 31.773, 31.784, 31.795, 31.805, 31.817, 31.828, 31.839, 31.85, 31.861, 31.872, 31.884, 31.895, 31.906, 31.917, 31.929, 31.94, 31.951, 31.961, 31.973, 31.984, 31.995, 32.005, 32.016, 32.027, 32.053, 32.058, 32.063, 32.072, 32.082, 32.093, 32.105, 32.116, 32.127, 32.137, 32.148, 32.159, 32.172, 32.181, 32.192, 32.204, 32.214, 32.226, 32.237, 32.248, 32.258, 32.27, 32.281, 32.292, 32.303, 32.314, 32.325, 32.336, 32.348, 32.359, 32.37, 32.382, 32.393, 32.404, 32.415, 32.426, 32.437, 32.448, 32.46, 32.471, 32.482, 32.492, 32.504, 32.514, 32.525, 32.536, 32.548, 32.559, 32.569, 32.581, 32.592, 32.604, 32.615, 32.626, 32.637, 32.648, 32.66, 32.67, 32.682, 32.693, 32.704, 32.716, 32.727, 32.738, 32.75, 32.761, 32.772, 32.783, 32.794, 32.805, 32.816, 32.828, 32.839, 32.85, 32.862, 32.872, 32.887, 32.894, 32.906, 32.918, 32.929, 32.94, 32.952, 32.963, 32.974, 32.985, 32.996, 33.008, 33.019, 33.03, 33.042, 33.052, 33.063, 33.074, 33.085, 33.096, 33.108, 33.119, 33.13, 33.141, 33.153, 33.164, 33.174, 33.186, 33.197, 33.208, 33.22, 33.231, 33.243, 33.254, 33.265, 33.275, 33.287, 33.297, 33.308, 33.32, 33.331, 33.342, 33.354, 33.365, 33.375, 33.387, 33.398, 33.409, 33.421, 33.432, 33.443, 33.454, 33.465, 33.476, 33.487, 33.498, 33.509, 33.52, 33.531, 33.542, 33.554, 33.564, 33.575, 33.594, 33.6, 33.61, 33.621, 33.631, 33.643, 33.654, 33.664, 33.676, 33.687, 33.698, 33.71, 33.721, 33.732, 33.743, 33.754, 33.765, 33.776, 33.786, 33.797, 33.809, 33.82, 33.83, 33.842, 33.853, 33.864, 33.876, 33.887, 33.898, 33.909, 33.92, 33.931, 33.942, 33.953, 33.965, 33.976, 33.987, 33.999, 34.009, 34.021, 34.032, 34.043, 34.055, 34.066, 34.077, 34.088, 34.1, 34.111, 34.122, 34.132, 34.144, 34.155, 34.165, 34.177, 34.187, 34.198, 34.21, 34.221, 34.233, 34.244, 34.255, 34.267, 34.278, 34.288, 34.299, 34.31, 34.322, 34.333, 34.344, 34.355, 34.366, 34.377, 34.388, 34.399, 34.41, 34.421, 34.433, 34.443, 34.454, 34.466, 34.477, 34.488, 34.499, 34.51, 34.584, 34.587, 34.589, 34.59, 34.591, 34.622, 34.624, 34.626, 34.627, 34.637, 34.643, 34.645, 34.652, 34.663, 34.673, 34.685, 34.696, 34.707, 34.718, 34.729, 34.74, 34.752, 34.763, 34.774, 34.785, 34.796, 34.807, 34.818, 34.83, 34.841, 34.854, 34.863, 34.874, 34.886, 34.897, 34.907, 34.918, 34.93, 34.941, 34.952, 34.964, 34.974, 34.986, 34.996, 35.007, 35.018, 35.029, 35.04, 35.052, 35.063, 35.073, 35.085, 35.096, 35.108, 35.118, 35.129, 35.14, 35.152, 35.162, 35.172, 35.184, 35.195, 35.206, 35.217, 35.229, 35.24, 35.251, 35.261, 35.272, 35.284, 35.295, 35.306, 35.317, 35.328, 35.339, 35.35, 35.361, 35.372, 35.384, 35.395, 35.405, 35.417, 35.428, 35.439, 35.451, 35.462, 35.473, 35.484, 35.494, 35.505, 35.516, 35.527, 35.538, 35.55, 35.56, 35.571, 35.583, 35.594, 35.604, 35.615, 35.625, 35.636, 35.648, 35.658, 35.669, 35.681, 35.692, 35.703, 35.715, 35.726, 35.738, 35.75, 35.76, 35.771, 35.783, 35.793, 35.804, 35.815, 35.826, 35.838, 35.85, 35.86, 35.871, 35.883, 35.894, 35.905, 35.916, 35.928, 35.939, 35.951, 35.961, 35.972, 35.984, 35.995, 36.007, 36.018, 36.029, 36.04, 36.052, 36.062, 36.074, 36.085, 36.096, 36.107, 36.119, 36.129, 36.141, 36.153, 36.162, 36.173, 36.185, 36.196, 36.208, 36.219, 36.23, 36.241, 36.253, 36.263, 36.275, 36.286, 36.298, 36.308, 36.32, 36.331, 36.342, 36.354, 36.364, 36.376, 36.387, 36.398, 36.409, 36.421, 36.432, 36.443, 36.455, 36.465, 36.476, 36.487, 36.498, 36.509, 36.521, 36.532, 36.543, 36.555, 36.565, 36.576, 36.588, 36.599, 36.611, 36.622, 36.633, 36.644, 36.656, 36.666, 36.677, 36.688, 36.7, 36.711, 36.722, 36.733, 36.745, 36.757, 36.766, 36.778, 36.788, 36.8, 36.811, 36.822, 36.833, 36.844, 36.856, 36.875, 36.88, 36.89, 36.899, 36.909, 36.92, 36.931, 36.942, 36.954, 36.965, 36.976, 36.988, 36.999, 37.01, 37.02, 37.032, 37.043, 37.055, 37.065, 37.077, 37.088, 37.1, 37.111, 37.121, 37.131, 37.143, 37.155, 37.167, 37.177, 37.187, 37.198, 37.209, 37.22, 37.231, 37.243, 37.255, 37.264, 37.275, 37.287, 37.298, 37.309, 37.32, 37.331, 37.343, 37.355, 37.365, 37.375, 37.387, 37.398, 37.409, 37.421, 37.432, 37.442, 37.455, 37.465, 37.476, 37.488, 37.498, 37.509, 37.521, 37.532, 37.543, 37.555, 37.566, 37.577, 37.588, 37.599, 37.61, 37.621, 37.632, 37.643, 37.655, 37.666, 37.676, 37.688, 37.698, 37.71, 37.721, 37.732, 37.744, 37.756, 37.766, 37.777, 37.787, 37.797, 37.807, 37.819, 37.829, 37.841, 37.854, 37.864, 37.875, 37.886, 37.897, 37.908, 37.92, 37.93, 37.942, 37.954, 37.964, 37.975, 37.987, 37.998, 38.009, 38.021, 38.031];

x =[0.190109, 0.206161, 0.327682, 0.365784, 0.353088, 0.313629, 0.25975, 0.205109, 0.156708, 0.145126, 0.183182, 0.238022, 0.282074, 0.278397, 0.248474, 0.208313, 0.158844, 0.131516, 0.138489, 0.196838, 0.261963, 0.289505, 0.255325, 0.202637, 0.14949, 0.194382, 0.288681, 0.379089, 0.40744, 0.385284, 0.296417, 0.346268, 0.303574, 0.263596, 0.232391, 0.21376, 0.230545, 0.225159, 0.230988, 0.236984, 0.263229, 0.327042, 0.337326, 0.353622, 0.351181, 0.334274, 0.310013, 0.159729, 0.168091, 0.237671, 0.296021, 0.254929, 0.157516, 0.06662, 0.020325, 0.113327, 0.115051, 0.154083, 0.212814, 0.084518, -0.040512, -0.119202, -0.121704, -0.148163, -0.173782, -0.18663, -0.293015, -0.407837, -0.232513, 0.064194, -0.103012, 0.008469, 0.065445, -0.003387, -0.15863, -0.297256, -0.275406, -0.244278, -0.181335, -0.053772, 0.093353, 0.156036, 0.122284, 0.173416, 0.138321, 0.076691, 0.121872, 0.131912, 0.268723, 0.389679, 0.175308, 0.153976, 0.274399, 0.150284, 0.130478, 0.162384, 0.067307, -0.017746, 0.039871, 0.027374, -0.007156, -0.039505, 0.036682, 0.087753, 0.035782, -0.088089, 0.051605, 0.076782, 0.013535, 0.01033, 0.043884, -0.0961, -0.121216, -0.141418, -0.102081, -0.009827, 0.109451, 0.199249, 0.20018, 0.101089, 0.046509, -0.021622, -0.006454, -0.02327, -0.018951, 0.022659, 0.075439, 0.147079, 0.177567, 0.178635, 0.131927, 0.088181, 0.037018, -0.01825, -0.084152, -0.118744, -0.027771, 0.02919, 0.059998, 0.064667, 0.072891, 0.058151, 0.033432, -0.047272, -0.114395, -0.142685, -0.10849, -0.066101, -0.023254, 0.035522, 0.070221, -0.023117, -0.073853, -0.113235, -0.147461, -0.162857, -0.131439, -0.103348, -0.052612, -0.027405, -0.038147, -0.0634, -0.073456, -0.066422, -0.05069, -0.014984, 0.021545, 0.018097, -0.002045, -0.026077, -0.053909, -0.068054, -0.084839, -0.107178, -0.116226, -0.124756, -0.151276, -0.143265, -0.125107, -0.113861, -0.109879, -0.113083, -0.12532, -0.123169, -0.12265, -0.106781, -0.084137, -0.10437, -0.105331, -0.121277, -0.160355, -0.146545, -0.130966, -0.127625, -0.121429, -0.130219, -0.121857, -0.112228, -0.076431, -0.069885, -0.092514, -0.100082, -0.105972, -0.108963, -0.105576, -0.135422, -0.143845, -0.161087, -0.166412, -0.138794, -0.091904, -0.074188, -0.047562, -0.09108, -0.031616, -0.102966, -0.195679, -0.211746, -0.235764, -0.214874, -0.191452, -0.162903, -0.103439, -0.093552, -0.112473, -0.140442, -0.164429, -0.167831, -0.167328, -0.156693, -0.119003, -0.109848, -0.101517, -0.082428, -0.081573, -0.07402, -0.085037, -0.102905, -0.158646, -0.182602, -0.193558, -0.195007, -0.198273, -0.191223, -0.189789, -0.182449, -0.181747, -0.212234, -0.22673, -0.236496, -0.225098, -0.199295, -0.176575, -0.165222, -0.144791, -0.133377, -0.124344, -0.129257, -0.141891, -0.147812, -0.15184, -0.158142, -0.16626, -0.161423, -0.156601, -0.161407, -0.173828, -0.182068, -0.186447, -0.185944, -0.188538, -0.186722, -0.169571, -0.153229, -0.14592, -0.135818, -0.12619, -0.125748, -0.130005, -0.136642, -0.135315, -0.119583, -0.09903, -0.10202, -0.117523, -0.136063, -0.15358, -0.151901, -0.137512, -0.117844, -0.105835, -0.103928, -0.115494, -0.13858, -0.170746, -0.205368, -0.202133, -0.182037, -0.161926, -0.1418, -0.127594, -0.104279, -0.094101, -0.091644, -0.108795, -0.05864, -0.033737, -0.015244, -0.015717, -0.010971, -0.015808, -0.013885, -0.014862, -0.012741, -0.014664, -0.011673, -0.009766, -0.008759, -0.00795, -0.009918, -0.006073, -0.005173, -0.003342, 0.000397, -0.00145, 0.000488, 0.003433, 0.003433, 0.002487, 0.004425, 0.003815, 0.003967, 0.004898, 0.003708, 0.004471, 0.00975, 0.008621, 0.020691, -0.010818, -1.499069, -1.338348, -0.100082, 0.190216, -0.022202, -0.44516, -0.472336, -0.292923, -0.095306, -0.047577, -0.038208, -0.035217, -0.019058, -0.003937, -0.011383, -0.006027, 0.020981, 0.055679, 0.044479, 0.041138, 0.029999, 0.035339, 0.030029, -0.0327, -0.015457, 0.050217, -0.121567, -0.134567, -0.072693, -0.053925, -0.046616, 0.020508, 0.091492, 0.08609, -0.022339, -0.076736, -0.062912, -0.022629, 0.003418, 0.02739, 0.022202, 0.00769, -0.021072, -0.019318, -0.004669, 0.000412, 0.002487, -0.001343, -0.008423, -0.010406, -0.008377, -0.003525, 0.000351, -0.001526, -0.008408, -0.012207, -0.006424, -0.008438, -0.005463, -0.006302, 0.002289, -0.00264, -0.015137, -0.017197, -0.040741, 0.00769, 0.01181, 0.006088, -0.019989, -0.017181, -0.002701, 0.001434, -0.007385, -0.009415, -0.009323, -0.00737, -0.008453, -0.006454, -0.006424, -0.00351, -0.006424, -0.008484, -0.009293, -0.00351, -0.002426, -0.007416, -0.010376, -0.009384, -0.009354, -0.002472, -0.004517, -0.009277, -0.006516, -0.008759, 0.02034, -0.039917, -0.040375, -0.031754, -0.004303, 0.033737, 0.028442, -0.039612, -0.04744, -0.016144, 0.013992, 0.014053, -0.008408, -0.018982, -0.006424, -0.010483, -0.00853, -0.021103, -0.007004, 0.005402, 0.001495, -0.003708, -0.017365, -0.001846, -0.003479, 0.004364, -0.015244, -0.014084, -0.013046, -0.002396, -0.000778, -0.017303, -0.018967, -0.011185, 0.005249, 0.004303, -0.013245, -0.018295, -0.002579, -0.001465, -0.009216, -0.009277, -0.011414, -0.008469, -0.007416, -0.012238, -0.006424, -0.001465, -0.010315, -0.009369, -0.012405, -0.005585, -0.007431, -0.006516, -0.007706, -0.003021, -0.009338, -0.011398, -0.010757, -0.015411, -0.017075, -0.00441, -0.005463, -0.020996, -0.014969, -0.003433, -0.007492, -0.013428, -0.006485, -0.012054, -0.010498, -0.0112, -0.001465, -0.009613, -0.010147, -0.004547, -0.009186, -0.002991, -0.027298, -0.002228, 0.007874, -0.018524, -0.003159, -0.014481, -0.012192, -0.000717, -0.010162, -0.006424, -0.010406, -0.011292, -0.008545, -0.007385, -0.007309, -0.009338, -0.013077, -0.011414, -0.009399, -0.012375, -0.006393, -0.010315, -0.0103, -0.00737, -0.006424, -0.00943, -0.006454, -0.010239, -0.01622, -0.008347, -0.010269, -0.009384, -0.012253, -0.007431, -0.005402, -0.007401, -0.009399, -0.010391, -0.009338, -0.008347, -0.01033, -0.008469, -0.009399, -0.009354, -0.009323, -0.010437, -0.010406, -0.003586, -0.009155, -0.011124, -0.014465, -0.002548, -0.01413, -0.01503, -0.007431, -0.007446, -0.009491, -0.013321, -0.012268, -0.009232, -0.0103, -0.012283, -0.007462, -0.00943, -0.008286, -0.009415, -0.010269, -0.0103, -0.01236, -0.010422, -0.008347, -0.007309, -0.007294, -0.0103, -0.012329, -0.014328, -0.01239, -0.006302, -0.008286, -0.005402, -0.00737, -0.012283, -0.009338, -0.007339, -0.005417, -0.012177, -0.011337, -0.010315, -0.012283, -0.007401, -0.00441, -0.009247, -0.013199, -0.011307, -0.01326, -0.009369, -0.005447, -0.007385, -0.012161, -0.011246, -0.009338, -0.011383, -0.007416, -0.009293, -0.013199, -0.011292, -0.010391, -0.008408, -0.01123, -0.010315, -0.005524, -0.008499, -0.010223, -0.011414, -0.010361, -0.008331];

y =[-0.526047, -0.561478, -0.625793, -0.621918, -0.594955, -0.545761, -0.520416, -0.522125, -0.53801, -0.549454, -0.56073, -0.585098, -0.564484, -0.545883, -0.533615, -0.539169, -0.549149, -0.539948, -0.523224, -0.533524, -0.569473, -0.588577, -0.568878, -0.549835, -0.573471, -0.537277, -0.533722, -0.572983, -0.563339, -0.548279, -0.512833, -0.617722, -0.700363, -0.672058, -0.579178, -0.468277, -0.375763, -0.434265, -0.432175, -0.458038, -0.440414, -0.422729, -0.501999, -0.499878, -0.483734, -0.506577, -0.508224, -0.451828, -0.472076, -0.400024, -0.553879, -0.633667, -0.660461, -0.609833, -0.59285, -0.7314, -0.7995, -0.880798, -0.540085, -0.281677, -0.34169, -0.482635, -0.546097, -0.520477, -0.464249, -0.391296, -0.394608, -0.362305, -0.385269, -0.440475, -0.576065, -0.545532, -0.401962, -0.520126, -0.592712, -0.47374, -0.477829, -0.512405, -0.559402, -0.622406, -0.687912, -0.732468, -0.751709, -0.722305, -0.733978, -0.798935, -0.839508, -0.890945, -0.960846, -1.004974, -1.047318, -0.993103, -1.017792, -1.0858, -1.094238, -1.190323, -1.264557, -1.169113, -1.034271, -1.068634, -1.124298, -1.134918, -1.025391, -0.977524, -0.997757, -1.035248, -0.922897, -0.902679, -1.022354, -1.09404, -1.007187, -0.913834, -1.06868, -1.111618, -1.079681, -1.132904, -1.191147, -1.230194, -1.196838, -1.109131, -1.031174, -0.99585, -0.957275, -0.939362, -0.971634, -0.985092, -0.906509, -0.858551, -0.78653, -0.736359, -0.737549, -0.723572, -0.728271, -0.725845, -0.700577, -0.593567, -0.549347, -0.530457, -0.529358, -0.535751, -0.501602, -0.434509, -0.408707, -0.448303, -0.492813, -0.529236, -0.485397, -0.427368, -0.368332, -0.295059, -0.267334, -0.319168, -0.350403, -0.355484, -0.33078, -0.293869, -0.249283, -0.239029, -0.216339, -0.202286, -0.229568, -0.275772, -0.2854, -0.27449, -0.275986, -0.243607, -0.26239, -0.273605, -0.318405, -0.368927, -0.393967, -0.366089, -0.302658, -0.228363, -0.221008, -0.250824, -0.263275, -0.227707, -0.203598, -0.187729, -0.160507, -0.152298, -0.125336, -0.096344, -0.077438, -0.0811, -0.098007, -0.1427, -0.177841, -0.20723, -0.210144, -0.192749, -0.153107, -0.124542, -0.104446, -0.069122, -0.056137, -0.178741, -0.223434, -0.232513, -0.243088, -0.199814, -0.116074, -0.051239, -0.073074, -0.121628, -0.124039, -0.161423, -0.13858, -0.059814, -0.0466, -0.129013, -0.187134, -0.219193, -0.22583, -0.149017, -0.114777, -0.078384, -0.035782, -0.010468, -0.019501, -0.044373, -0.09874, -0.099197, -0.086655, -0.062943, -0.037598, -0.009995, -0.014862, 0.024963, 0.026718, -0.008423, -0.043793, -0.074753, -0.081223, -0.079941, -0.109558, -0.077164, -0.04628, -0.010544, 0.014816, 0.040512, 0.053574, 0.051102, 0.041687, 0.024414, -0.010223, -0.032837, -0.033722, -0.03537, -0.02652, -0.007065, 0.004242, -0.001038, -0.008987, -0.05043, -0.060593, -0.059494, -0.06218, -0.054291, -0.035919, -0.005463, 0.011505, 0.008575, 0.01239, 0.010468, -0.003082, -0.021957, -0.036179, -0.049469, -0.060486, -0.024216, 0.016144, -0.024521, -0.058914, -0.073059, -0.0616, -0.036804, -0.027496, -0.049637, -0.069351, -0.077515, -0.072372, -0.066437, -0.068237, -0.071671, -0.076157, -0.064255, -0.058411, -0.067642, -0.084641, -0.094147, -0.103668, -0.112366, -0.11557, -0.080627, -0.048996, -0.032486, -0.03511, -0.043427, -0.051483, -0.034805, 0.000183, 0.055145, 0.124969, -0.007004, -0.050232, 0.008606, 0.014236, 0.019165, 0.01535, 0.015381, 0.017319, 0.0103, 0.008392, 0.007248, 0.010132, 0.006271, 0.013229, 0.013275, 0.015213, 0.018158, 0.022171, 0.0271, 0.023132, 0.023102, 0.025909, 0.025909, 0.022064, 0.023911, 0.009003, 0.00589, 0.007797, 0.018738, -0.018829, 0.012558, -0.040344, -0.016586, -0.287186, -1.962448, -1.993896, -0.627884, 1.98204, 1.985992, 1.993881, 0.954071, 0.248184, 0.010529, -0.013138, -0.001251, 0.045105, 0.063644, 0.039566, 0.081818, 0.098938, 0.128433, 0.159195, 0.188156, 0.208206, 0.274109, 0.312988, 0.307388, 0.178284, -0.185364, -0.296143, -0.185303, -0.103699, -0.025406, 0.010574, 0.005585, 0.005478, 0.010254, -0.024445, -0.061691, -0.046844, -0.011337, 0.007187, -0.001419, -0.028671, -0.043121, -0.04393, -0.020569, -0.012634, -0.011093, -0.022995, -0.033707, -0.041382, -0.030273, -0.023544, -0.022766, -0.022842, -0.026672, -0.03244, -0.026505, -0.027588, -0.020905, -0.019775, -0.026611, -0.031601, -0.023834, -0.020752, -0.028458, -0.022507, -0.025589, -0.029663, -0.018875, -0.029449, -0.031296, -0.027298, -0.014954, -0.026855, -0.02948, -0.026428, -0.023773, -0.024734, -0.022614, -0.024628, -0.027573, -0.026672, -0.023773, -0.019699, -0.026657, -0.027618, -0.03067, -0.025574, -0.024521, -0.023651, -0.023697, -0.02774, -0.024628, -0.030472, -0.022644, -0.051453, -0.006241, 0.001312, -0.044388, -0.036636, -0.010803, -0.034439, -0.025955, -0.021133, -0.012375, -0.013168, -0.021225, -0.037537, -0.036972, -0.032257, -0.017105, -0.012924, -0.020554, -0.02243, -0.055893, -0.03949, -0.026978, -0.016785, -0.012695, -0.008087, -0.02005, -0.036469, -0.025391, -0.037216, -0.035416, -0.026917, -0.017776, -0.016632, -0.027557, -0.032455, -0.030609, -0.028748, -0.024551, -0.016586, -0.020874, -0.032562, -0.036301, -0.032394, -0.020599, -0.018784, -0.022751, -0.029434, -0.027557, -0.028763, -0.025589, -0.028412, -0.018661, -0.017838, -0.025543, -0.015991, -0.068741, -0.006729, -0.00853, -0.033951, -0.064697, -0.007996, -0.014175, -0.028671, -0.029495, -0.033096, -0.0383, -0.024887, -0.01973, -0.018524, -0.023636, -0.032608, -0.022415, -0.030518, -0.028763, -0.012756, -0.03067, -0.018906, 0.00441, -0.04097, -0.017883, -0.041534, -0.011093, -0.013275, -0.031082, -0.01268, -0.034271, -0.021698, -0.035431, -0.022812, -0.020691, -0.025589, -0.019577, -0.027557, -0.028656, -0.027527, -0.032486, -0.021561, -0.022659, -0.020615, -0.027634, -0.028458, -0.028519, -0.026642, -0.023758, -0.023544, -0.024628, -0.031448, -0.024414, -0.026611, -0.026657, -0.023636, -0.028473, -0.023666, -0.028656, -0.02562, -0.024551, -0.025452, -0.024658, -0.024704, -0.025574, -0.022598, -0.024536, -0.023712, -0.024689, -0.021576, -0.024475, -0.023651, -0.031677, -0.031601, -0.017456, -0.022858, -0.029526, -0.032455, -0.024628, -0.024567, -0.018677, -0.021576, -0.027466, -0.031525, -0.028488, -0.026505, -0.021713, -0.021652, -0.025772, -0.026428, -0.027603, -0.028519, -0.020645, -0.021591, -0.026611, -0.031525, -0.032471, -0.028519, -0.020691, -0.020584, -0.020599, -0.029709, -0.032425, -0.030533, -0.026642, -0.024582, -0.024658, -0.030472, -0.029572, -0.032379, -0.023621, -0.025604, -0.021713, -0.02562, -0.028671, -0.031509, -0.027512, -0.025558, -0.022644, -0.025543, -0.025681, -0.026611, -0.032425, -0.026627, -0.023727, -0.022568, -0.024643, -0.030441, -0.027527, -0.027527, -0.01976, -0.024612, -0.029541, -0.027512, -0.025543, -0.022522, -0.025757, -0.018707, -0.023621, -0.028564];

z =[-0.797607, -0.779037, -0.83049, -0.847733, -0.894791, -0.937683, -0.953766, -0.941757, -0.945251, -0.937378, -0.921753, -0.904709, -0.86377, -0.821594, -0.774826, -0.743759, -0.74736, -0.757828, -0.804413, -0.874496, -0.888718, -0.881088, -0.809769, -0.740707, -0.741196, -0.81517, -0.898727, -0.904587, -0.833115, -0.788208, -0.931534, -0.854034, -0.522354, -0.471008, -0.540131, -0.632996, -0.726059, -0.964508, -1.164108, -1.330688, -1.256378, -1.140961, -1.049652, -1.025696, -1.007187, -0.92804, -0.935333, -0.915863, -0.937164, -0.911423, -0.916092, -0.851318, -0.802063, -0.768677, -0.749924, -0.637634, -0.590118, -0.843323, -0.999695, -1.112335, -0.865356, -0.632217, -0.657013, -0.790268, -0.863693, -0.980637, -1.054459, -1.129929, -1.179169, -0.932388, -0.820358, -0.917877, -1.031784, -1.046936, -0.97818, -0.971298, -1.009445, -1.036102, -1.010666, -0.98494, -0.966782, -0.91568, -0.819061, -0.721817, -0.697479, -0.652039, -0.615112, -0.352219, -0.263962, -0.394836, 0.18161, 0.267456, -0.141449, -0.376709, -0.427307, -0.423401, -0.328918, -0.473068, -0.737091, -0.691315, -0.54277, -0.404724, -0.528702, -0.657104, -0.685318, -0.602722, -0.351074, -0.669266, -0.652695, -0.592361, -0.601013, -0.703506, -0.739166, -0.685501, -0.781219, -0.849121, -0.787018, -0.729645, -0.789444, -0.781464, -0.72319, -0.694168, -0.72316, -0.72963, -0.713287, -0.759842, -0.823441, -0.766663, -0.728683, -0.730423, -0.736084, -0.771591, -0.810898, -0.842484, -0.823135, -0.771896, -0.789886, -0.775421, -0.738358, -0.706558, -0.714844, -0.723999, -0.737625, -0.777863, -0.804977, -0.832565, -0.823776, -0.784424, -0.690689, -0.66217, -0.673889, -0.695389, -0.731323, -0.780304, -0.811874, -0.800797, -0.807877, -0.810562, -0.757675, -0.77034, -0.818542, -0.839981, -0.890457, -0.932007, -0.94458, -0.967224, -0.98613, -1.010742, -1.056854, -1.097015, -1.094116, -1.092789, -1.088074, -1.036148, -1.020584, -0.989639, -0.946381, -0.931961, -0.939926, -0.923187, -0.884964, -0.870331, -0.863998, -0.838699, -0.828094, -0.849533, -0.940842, -0.981033, -1.018082, -1.025818, -1.01059, -0.961212, -0.932861, -0.929276, -0.90181, -0.865891, -0.847183, -0.809631, -0.899307, -0.955429, -0.91214, -0.817017, -0.769913, -0.781799, -0.78833, -0.834549, -0.866287, -0.828445, -0.822952, -0.902756, -0.938782, -0.903641, -0.930038, -1.003403, -1.193146, -1.213226, -1.161835, -1.181412, -1.192337, -1.185455, -1.172089, -1.155457, -1.158615, -1.173294, -1.154022, -1.126144, -1.111084, -1.111542, -1.056107, -1.021927, -0.994659, -0.968292, -0.956757, -0.95993, -0.936111, -0.913269, -0.927826, -0.952332, -0.989288, -0.998108, -1.021393, -1.018845, -1.008209, -1.027817, -1.056335, -1.077713, -1.086075, -1.115875, -1.125, -1.118225, -1.106293, -1.092331, -1.043686, -0.997971, -0.981705, -0.97496, -0.983566, -0.981689, -0.980865, -0.986023, -1.008118, -1.017578, -1.013992, -1.006958, -1.008911, -1.010941, -1.010925, -1.030533, -1.057098, -1.082596, -1.095322, -1.050354, -1.084274, -1.085388, -1.072906, -1.082413, -1.091324, -1.081818, -1.063232, -1.041275, -1.040955, -1.040573, -1.061081, -1.06221, -1.068359, -1.060699, -1.055954, -1.049194, -1.037201, -1.036743, -1.039261, -1.018326, -1.012451, -1.027512, -1.021057, -1.031036, -1.021576, -1.013596, -0.97467, -0.924805, -0.867111, -0.793839, -0.701294, -0.656586, -0.626266, -0.629425, -0.703522, -0.114929, -0.077469, -0.072525, -0.070557, -0.067566, -0.069595, -0.074387, -0.07341, -0.079269, -0.080261, -0.075256, -0.071381, -0.070435, -0.06842, -0.067459, -0.062546, -0.057617, -0.060562, -0.060532, -0.066452, -0.066452, -0.062454, -0.066406, -0.075089, -0.082947, -0.08493, -0.081177, -0.089508, -0.088882, -0.07724, -0.058609, -0.022491, 1.012558, -0.514603, -2.014664, -2.048874, -2.052338, -2.05925, -1.645813, -0.756592, -0.199265, -0.154663, -0.139862, -0.132599, -0.125702, -0.133972, -0.146606, -0.226837, -0.255508, -0.4729, -0.675156, -0.87027, -1.046387, -1.067627, -1.110138, -1.23082, -2.019897, -1.660339, -1.435394, -1.35083, -1.050476, -0.84314, -0.785614, -0.776627, -0.870453, -1.048935, -1.149979, -1.094711, -1.077225, -1.046219, -1.005127, -1.019165, -1.058594, -1.064743, -1.055664, -1.049805, -1.057526, -1.058243, -1.050125, -1.043182, -1.035538, -1.046555, -1.05542, -1.054352, -1.044357, -1.039352, -1.044495, -1.053421, -1.05838, -1.053482, -1.047409, -1.0513, -1.049286, -1.047455, -1.050491, -1.050613, -1.028198, -1.092621, -1.036362, -1.029388, -1.048553, -1.043625, -1.05249, -1.053223, -1.044434, -1.041534, -1.057404, -1.054382, -1.047516, -1.047455, -1.046432, -1.04837, -1.054382, -1.04953, -1.053391, -1.046387, -1.051254, -1.047455, -1.045532, -1.051468, -1.053436, -1.052292, -1.045441, -1.047409, -1.046509, -1.06192, -1.035446, -1.062225, -1.031891, -1.029907, -1.094086, -1.057526, -1.031052, -1.052979, -1.065094, -1.075455, -1.056076, -1.032104, -1.024582, -1.047531, -1.065369, -1.056595, -1.042618, -1.049698, -1.034149, -1.039139, -1.06015, -1.045547, -1.051758, -1.052582, -1.063293, -1.037231, -1.044617, -1.043442, -1.052338, -1.061203, -1.043518, -1.051697, -1.058472, -1.049377, -1.039261, -1.046234, -1.050522, -1.049728, -1.053375, -1.04628, -1.042404, -1.044418, -1.047592, -1.052521, -1.053421, -1.04747, -1.045425, -1.053238, -1.050461, -1.042511, -1.049606, -1.051498, -1.045471, -1.058456, -1.037918, -1.033844, -1.083328, -1.024658, -1.034073, -1.060699, -1.07843, -1.051315, -1.043411, -1.040634, -1.049362, -1.058273, -1.050507, -1.043701, -1.04747, -1.05928, -1.038651, -1.051392, -1.053238, -1.046707, -1.058289, -1.054428, -1.023224, -1.074844, -1.022186, -1.052094, -1.045441, -1.031006, -1.074005, -1.04776, -1.043442, -1.043457, -1.049316, -1.055389, -1.051529, -1.051468, -1.04361, -1.047424, -1.053329, -1.047455, -1.05336, -1.0466, -1.050491, -1.049576, -1.049377, -1.045471, -1.048447, -1.051392, -1.053391, -1.045532, -1.047455, -1.047409, -1.045624, -1.050415, -1.054398, -1.050476, -1.048477, -1.050446, -1.051331, -1.049423, -1.046524, -1.043549, -1.052444, -1.053406, -1.049469, -1.046539, -1.045517, -1.054428, -1.053421, -1.046585, -1.043564, -1.045441, -1.058258, -1.05632, -1.03978, -1.054337, -1.053421, -1.053391, -1.048462, -1.045486, -1.047592, -1.049576, -1.047501, -1.050354, -1.047455, -1.048508, -1.051468, -1.049515, -1.058334, -1.041534, -1.052414, -1.048447, -1.051559, -1.047562, -1.050415, -1.048355, -1.047348, -1.048447, -1.053528, -1.049606, -1.048599, -1.055283, -1.04538, -1.046371, -1.051392, -1.051498, -1.052444, -1.045395, -1.047363, -1.047424, -1.051498, -1.051453, -1.056488, -1.049423, -1.051315, -1.049362, -1.050476, -1.049484, -1.053513, -1.047485, -1.050385, -1.049408, -1.049393, -1.053421, -1.05542, -1.047562, -1.049438, -1.045425, -1.051468, -1.048477, -1.054504, -1.048477, -1.051407, -1.04747, -1.043472, -1.042587, -1.059357, -1.050583, -1.050491, -1.049393];

vs =[0.9741887930678529, 0.9821703262540566, 1.0902779517503782, 1.1132076053769124, 1.131058584446447, 1.1293660289078118, 1.1171268765507345, 1.0961708190583253, 1.098868331678095, 1.0961928520456607, 1.0943502049312186, 1.103400433554836, 1.0697226465920968, 1.0249438229161636, 0.9730568468373264, 0.9419527411770721, 0.9409266762808886, 0.9397571912701705, 0.9695477460476096, 1.043137723810236, 1.087540249656076, 1.0984316518099795, 1.0220268430281076, 0.9444718846228298, 0.9489930233447451, 0.9954662553562525, 1.0843920479116398, 1.1359118050178896, 1.085098514304577, 1.0345653549974503, 1.103909560124379, 1.109439529791507, 0.9249428125895136, 0.8619706158820033, 0.825344915611649, 0.8158802745164269, 0.8494177421475254, 1.0814612094615321, 1.2630431989575812, 1.4271267564740002, 1.3571070984712297, 1.2599397925004194, 1.2114293819207953, 1.1945621868215985, 1.1712183103444038, 1.108881240532547, 1.1087143524073277, 1.0336667401991804, 1.062726068633399, 1.0233272153842092, 1.1106911954031147, 1.0914508688227795, 1.0508687257436107, 0.9834626798297941, 0.956174792546321, 0.9769166222789948, 1.0003380611198396, 1.2291217881162142, 1.1560154405742167, 1.1505539434889613, 0.9312541462887561, 0.8042661220752744, 0.8629599522538691, 0.9577954342770694, 0.9958377959155799, 1.0721903946058275, 1.1633817286557324, 1.254725259423353, 1.2621149028876095, 1.033192372119055, 1.007695194259157, 1.067789808021223, 1.1092496202951796, 1.1690241724365669, 1.1546891807945547, 1.1208079772824602, 1.1502818029083133, 1.1814135515191113, 1.1692983979228742, 1.1663564894233667, 1.1902122238815227, 1.1829313026207398, 1.1184277889331973, 1.0357689914116952, 1.0219262982064803, 1.0340858287526233, 1.0478498170024175, 0.9670791036569862, 1.032043130827874, 1.1479189564655685, 1.0773068644021535, 1.0399494646957612, 1.0635803618279158, 1.159075748748545, 1.1819359463934582, 1.2737762027083095, 1.3083660379351032, 1.2613221079125665, 1.27067279043938, 1.273045321682225, 1.2484776626115504, 1.2055708307374562, 1.1542521721049521, 1.1811178715102908, 1.2109748732723564, 1.2011544041916509, 0.988764330925221, 1.1263400158571124, 1.2130134626482922, 1.2441550485453974, 1.1736984640843662, 1.157259038241655, 1.3050427719473412, 1.3136229480520656, 1.336575743563753, 1.4158299741798095, 1.431854751479353, 1.4441119304479137, 1.4476584748413557, 1.360542738901649, 1.260351808606232, 1.214106233246498, 1.1997405825181542, 1.1896648254210092, 1.205491648550914, 1.2442988160843842, 1.2269900937998643, 1.1603939880105376, 1.0868019115174576, 1.052450853501008, 1.050334668468103, 1.0614541908278472, 1.0905524050539708, 1.1121885257369812, 1.0841775317068694, 0.9809410562521074, 0.9625348034466079, 0.9399544734666675, 0.9104900814023181, 0.8890642059232843, 0.876310223962382, 0.8463770801971188, 0.8439489031321742, 0.8990445309115672, 0.950756982368786, 0.9968020024789277, 0.9622823005152905, 0.8957308532148482, 0.7831095105162496, 0.725803509818601, 0.7283713618189557, 0.7654857733713932, 0.8142910157597221, 0.8649077244983999, 0.8889879339996691, 0.8684222629683097, 0.855618765536965, 0.8513673870832732, 0.7897100677400536, 0.7969280867311681, 0.8509804145789726, 0.8863621361187536, 0.937956615619827, 0.9738550663384158, 0.9853776558741323, 0.9975425589321991, 1.020668935563829, 1.0472757936656418, 1.1037781948226735, 1.1576826212235374, 1.1641331533918275, 1.154487029532164, 1.1325654728804866, 1.0664143009904736, 1.0506877367686367, 1.0285242286076688, 0.9938989641618509, 0.9700137337146315, 0.9698271972516548, 0.9489366373636334, 0.9060889431981829, 0.8907628726288495, 0.8819902263063917, 0.8531522616145373, 0.8407016945266614, 0.8600498299807983, 0.9496673500663271, 0.9968360617418494, 1.0388517697756499, 1.0535439965910298, 1.044589093788079, 0.9912396899690811, 0.9543707308619644, 0.9462308040668513, 0.9159231654767773, 0.8783519014187878, 0.857740943821035, 0.836687411896462, 0.9297943484265755, 0.9857944930029787, 0.9484988115648854, 0.847029408939855, 0.7857921263470384, 0.7910170964593622, 0.7987179039886361, 0.8541689071073706, 0.8868653922185712, 0.859259870192365, 0.8509684861662035, 0.915319553253398, 0.944420218303272, 0.9158139933381669, 0.9498694432625991, 1.031095882087597, 1.2147411813518136, 1.2266724870644976, 1.1837755690987206, 1.2027945517485519, 1.215949232817308, 1.204816986900915, 1.187782295383291, 1.167727378024083, 1.1674064984168966, 1.1811904300107583, 1.162723544630451, 1.136611668666568, 1.1238141130547346, 1.1241853772176547, 1.069383716949627, 1.034171475601121, 1.0021088223411667, 0.9745393410719754, 0.963123816124905, 0.9663581070664229, 0.9431623054273321, 0.9197444157166708, 0.9381339632531167, 0.9609786470806726, 1.0029960810790837, 1.0147286563431626, 1.0396768121243254, 1.038130091182218, 1.028915809814389, 1.0467021714040723, 1.0740583330131563, 1.093320168736496, 1.1012244945346066, 1.1363531823117319, 1.1481152669414338, 1.143507125269012, 1.1292726074128425, 1.1103852596333401, 1.0585259523436352, 1.0115559814310822, 0.9923658130321702, 0.9853322336293481, 0.9932446920779391, 0.9919476804781591, 0.9930234420727438, 0.998517529417486, 1.020121297731304, 1.0298076143712476, 1.027596481450282, 1.0198506406910768, 1.0210674763315106, 1.0237985662004028, 1.0257655813747117, 1.0467230438669055, 1.0740240153059895, 1.099561936551552, 1.1130747581919194, 1.0670965491725668, 1.097572348345657, 1.0964248795179723, 1.0843849826662115, 1.0933444330008728, 1.1003211118014595, 1.0897234874242179, 1.0715034371690086, 1.0513745733838153, 1.05200143652516, 1.0502860740974338, 1.068146776358474, 1.0691641779768908, 1.076967453816038, 1.0717892707108987, 1.0697782738329473, 1.0620784662453147, 1.047906154894607, 1.0456092465873663, 1.0480594316292373, 1.0279360530057307, 1.0242767915270754, 1.0428861129097462, 1.0416659822923087, 1.0543775233989958, 1.042533395858857, 1.030325026766311, 0.9886527957154625, 0.936620217779864, 0.8779591188922181, 0.8014149086378416, 0.7075791871769548, 0.6652403844904488, 0.647813789404023, 0.6321894781163319, 0.7061194257892923, 0.11625453889203638, 0.08031895010519, 0.075812503526793, 0.07391755957145771, 0.07067200819277744, 0.07324131914431908, 0.07616986838639016, 0.07532918863229578, 0.0804510210873672, 0.08148533795106945, 0.07602309555654782, 0.07303051486878619, 0.07235800974322054, 0.0703534867508356, 0.07005133527635288, 0.06644339185351694, 0.06367327773878144, 0.06484556860726876, 0.06479246539529114, 0.07140679291215928, 0.07140679291215928, 0.06628353778277077, 0.07071826766826236, 0.07572295659177605, 0.08325042941630993, 0.08542768001649115, 0.08339404797106326, 0.09157621495781533, 0.09029272278539396, 0.08756698908264461, 0.0643290584261887, 0.28826840409763954, 2.669022990314808, 2.4559342164498217, 2.1126111230124676, 2.8570175631472763, 2.856002174213458, 2.900730844159968, 1.960115609066465, 0.8484283330069783, 0.22113487672006873, 0.16234784119907478, 0.1449923974179336, 0.14442019566182562, 0.14217861619807673, 0.1397478626276624, 0.1682767870176989, 0.24754813096042555, 0.28673956112472515, 0.5020733104497788, 0.7022938744663804, 0.8957744952721081, 1.082109716087514, 1.1131207230997007, 1.1523000921760789, 1.2440949911706904, 2.028443398755311, 1.6872901405683018, 1.452402035434404, 1.3614710606509417, 1.0532946233893914, 0.84492885777502, 0.7870156292456968, 0.7769170378341563, 0.8753081490475225, 1.0527457814448842, 1.151849170179412, 1.0983965347509979, 1.0791200804071808, 1.0464883757457606, 1.005133813188075, 1.019936044841048, 1.0597044900730581, 1.0656766099755592, 1.0560746156598027, 1.0500587322169175, 1.0575944850867935, 1.0584928846326744, 1.0506687692336725, 1.044003332703972, 1.0360146480151717, 1.046871516852474, 1.055698745516447, 1.054605292274318, 1.044697593676754, 1.039859251139307, 1.044865070003778, 1.0538528890855685, 1.0586059281909392, 1.0537013688863652, 1.0477612337603448, 1.0517937195120532, 1.0495591497733703, 1.0476638736393462, 1.05098540789775, 1.0509947562319233, 1.0293229586509764, 1.093050629801749, 1.036601146424699, 1.0298271514623218, 1.0492103666786752, 1.0441233203937168, 1.0525996948588765, 1.0535662936474381, 1.0448760639334218, 1.0419117786861802, 1.0577122922014286, 1.054697819083741, 1.047794167029479, 1.0477643673674917, 1.0468149161762073, 1.0487151055382011, 1.0546695336592404, 1.0497491365831173, 1.0537692130533136, 1.0467572917314691, 1.0517040966412556, 1.0477933973627627, 1.0458709785824445, 1.0517758241569353, 1.0537440159834837, 1.0526604731099196, 1.0457408025672519, 1.0478932287184608, 1.0467742335733143, 1.0632018706200623, 1.0356645618138145, 1.0629755589184542, 1.0336341088847638, 1.0310474972866186, 1.0941477944107916, 1.0586243292906128, 1.0317707284532742, 1.053935713729258, 1.0662217982488447, 1.075656767740063, 1.056381935885407, 1.032881977766095, 1.025283325706607, 1.0481994210712007, 1.0655256707193872, 1.0567260369130684, 1.042855465412154, 1.0501496715768661, 1.0356820157104205, 1.0399031219421355, 1.0604942574144378, 1.0456882971029178, 1.0519779450226132, 1.0526146844923834, 1.0634877102204803, 1.0378811010024223, 1.0450367261996105, 1.0442004582818376, 1.05301460455969, 1.0615470187014797, 1.0436696832734005, 1.051970815679789, 1.0590005241367921, 1.0499383407510177, 1.03972491025415, 1.046637733921819, 1.0508923132795291, 1.0500184171741942, 1.0535849589577482, 1.0467875947244505, 1.0430766014406614, 1.044961431196865, 1.0478566679947217, 1.052722669109961, 1.053692748526818, 1.0479549274181594, 1.045807863161298, 1.0536316913599362, 1.0508232528199022, 1.042940173272657, 1.0498451658135117, 1.0516641243633826, 1.045809388201789, 1.0585968421797791, 1.040220400800234, 1.0338703120885133, 1.0834018251452229, 1.0252836689272877, 1.036150753600556, 1.0608410830741803, 1.078658310657272, 1.051715124720568, 1.0438420926150662, 1.0413718352192938, 1.0501673999915442, 1.0585711552781891, 1.0507189729004613, 1.0439517360304547, 1.047756706788842, 1.0598503191394528, 1.0389458792593578, 1.0518944462197717, 1.0536316913599362, 1.04682886335542, 1.0587819501814337, 1.0546072819912633, 1.0232747357733405, 1.0756287051380693, 1.0227068011355942, 1.0529158665230571, 1.0455295017387123, 1.0312578417820637, 1.0744593105511258, 1.0479367821395527, 1.0440758371253498, 1.0436828197024228, 1.0499631850026931, 1.0556550556128643, 1.0517840273354602, 1.0518399408698076, 1.0438285817384, 1.0478124652102587, 1.0537440723714653, 1.0478582494774757, 1.0539419517815012, 1.0468842897460062, 1.0507773848741702, 1.0498513697785987, 1.0497602566938795, 1.0459091111707557, 1.0488853775174862, 1.0517553188493987, 1.053678465766953, 1.0458395708042414, 1.0477643673674917, 1.04793102211262, 1.0460347418570763, 1.0507851778336998, 1.0547849024393552, 1.0507837772482025, 1.0489351110850471, 1.0507388344555464, 1.0517353371932503, 1.0497617787526845, 1.0468541328083871, 1.0439110558788043, 1.052774234270577, 1.0537286941433264, 1.0498313770968173, 1.0468172104460263, 1.0458470986650008, 1.0547360634035416, 1.0537515211334216, 1.0468594064964025, 1.0439028367415235, 1.0457146425665083, 1.0587715716423443, 1.0568511290512963, 1.0400271133778194, 1.0545878294561342, 1.0539294306626985, 1.0539980203045924, 1.048777537702348, 1.0458011075730411, 1.0478014639587026, 1.0498822565378463, 1.0479328365792342, 1.0508675372115175, 1.0478929492887143, 1.0489148741332635, 1.0517186367260971, 1.0497806767268103, 1.058680173298811, 1.0419117786861802, 1.0528260090660755, 1.0488853775174862, 1.0518342626602348, 1.0478363103123505, 1.0507851778336998, 1.0488543526777203, 1.0478766155330501, 1.0488853775174862, 1.053803287386218, 1.0499055899822614, 1.0488744890128658, 1.0557199202316871, 1.0459155715548938, 1.0468303183104701, 1.0517553188493987, 1.0518570201396196, 1.052774234270577, 1.045864766463619, 1.047794398172657, 1.0479950929016795, 1.0518243785033699, 1.0518152762011017, 1.0567824849996332, 1.0497617787526845, 1.051715124720568, 1.0498756741319422, 1.050919097895266, 1.049856050070199, 1.0538397503913959, 1.0478382738929706, 1.0507130111476681, 1.049771324627416, 1.0499642560558906, 1.0538174760773327, 1.055727969305067, 1.0478668957253112, 1.0497534902771222, 1.0459093865890106, 1.0519110724552718, 1.0488990726099439, 1.0547403076098876, 1.048799534962235, 1.0518818675260069, 1.0478820116162886, 1.0437992020542073, 1.0428648647135448, 1.059719390323212, 1.0508115297873355, 1.0508076146674044, 1.0498147341821793];