% Date: 2012-10-28
% Test Duration: 14:06:12.751 - 14:06:21.140
% Comment:Phone laying flat on the table screen facing up

% Statistics:
%          Mean                       Min                       Max                      Range                    Std.Dev         
% X: 0.05960000000000001       -1.4932                   2.0066                    3.4998000000000005        0.14737714689041823      
% Y: -0.18191884057971017      -0.5848                   0.1752                    0.76                      0.1829127426858606       
% Z: -0.9778811594202899       -2.0289                   0.1509                    2.1798                    0.2766966712000728       

t = [12.751, 12.761, 12.771, 12.789, 12.793, 12.805, 12.814, 12.825, 12.836, 12.848, 12.858, 12.869, 12.88, 12.899, 12.906, 12.914, 12.939, 12.941, 12.948, 12.957, 12.967, 12.977, 12.989, 13.0, 13.01, 13.02, 13.031, 13.042, 13.052, 13.073, 13.074, 13.085, 13.096, 13.108, 13.119, 13.129, 13.14, 13.152, 13.163, 13.174, 13.187, 13.197, 13.208, 13.219, 13.229, 13.24, 13.252, 13.263, 13.274, 13.285, 13.297, 13.308, 13.318, 13.329, 13.34, 13.352, 13.363, 13.374, 13.386, 13.397, 13.408, 13.418, 13.428, 13.44, 13.451, 13.462, 13.473, 13.518, 13.524, 13.529, 13.533, 13.54, 13.543, 13.55, 13.565, 13.572, 13.583, 13.594, 13.605, 13.617, 13.628, 13.638, 13.649, 13.661, 13.672, 13.682, 13.694, 13.704, 13.716, 13.727, 13.738, 13.749, 13.76, 13.771, 13.783, 13.794, 13.805, 13.817, 13.828, 13.838, 13.851, 13.861, 13.872, 13.884, 13.895, 13.906, 13.918, 13.929, 13.941, 13.951, 13.962, 13.973, 13.985, 13.996, 14.007, 14.018, 14.029, 14.04, 14.051, 14.062, 14.074, 14.085, 14.096, 14.108, 14.119, 14.13, 14.141, 14.152, 14.164, 14.175, 14.186, 14.197, 14.209, 14.22, 14.232, 14.242, 14.253, 14.264, 14.275, 14.287, 14.299, 14.309, 14.321, 14.331, 14.342, 14.353, 14.364, 14.376, 14.387, 14.398, 14.41, 14.421, 14.432, 14.442, 14.454, 14.464, 14.476, 14.487, 14.498, 14.509, 14.521, 14.531, 14.542, 14.553, 14.564, 14.575, 14.587, 14.598, 14.609, 14.622, 14.631, 14.642, 14.653, 14.665, 14.676, 14.687, 14.697, 14.709, 14.721, 14.732, 14.743, 14.755, 14.766, 14.777, 14.789, 14.799, 14.811, 14.822, 14.833, 14.845, 14.856, 14.867, 14.879, 14.889, 14.9, 14.91, 14.922, 14.933, 14.945, 14.965, 14.967, 14.976, 14.988, 14.998, 15.009, 15.021, 15.031, 15.043, 15.054, 15.065, 15.076, 15.087, 15.098, 15.109, 15.121, 15.132, 15.142, 15.153, 15.164, 15.175, 15.187, 15.198, 15.209, 15.219, 15.232, 15.24, 15.253, 15.261, 15.273, 15.283, 15.295, 15.306, 15.317, 15.327, 15.338, 15.349, 15.36, 15.371, 15.382, 15.393, 15.403, 15.415, 15.426, 15.437, 15.448, 15.458, 15.47, 15.481, 15.493, 15.503, 15.514, 15.524, 15.536, 15.547, 15.558, 15.569, 15.579, 15.59, 15.601, 15.612, 15.623, 15.633, 15.644, 15.654, 15.666, 15.676, 15.688, 15.698, 15.71, 15.721, 15.732, 15.743, 15.755, 15.766, 15.777, 15.788, 15.799, 15.809, 15.821, 15.858, 15.86, 15.861, 15.87, 15.878, 15.888, 15.899, 15.909, 15.92, 15.932, 15.943, 15.954, 15.966, 15.977, 15.988, 15.999, 16.01, 16.021, 16.033, 16.044, 16.055, 16.067, 16.078, 16.089, 16.1, 16.111, 16.122, 16.134, 16.144, 16.155, 16.165, 16.176, 16.188, 16.199, 16.209, 16.221, 16.232, 16.243, 16.254, 16.265, 16.277, 16.288, 16.299, 16.31, 16.322, 16.332, 16.343, 16.355, 16.365, 16.377, 16.387, 16.399, 16.41, 16.422, 16.433, 16.442, 16.454, 16.464, 16.476, 16.487, 16.498, 16.51, 16.522, 16.532, 16.542, 16.554, 16.564, 16.575, 16.587, 16.598, 16.609, 16.621, 16.631, 16.642, 16.653, 16.664, 16.676, 16.687, 16.698, 16.71, 16.721, 16.731, 16.742, 16.754, 16.765, 16.776, 16.787, 16.797, 16.809, 16.82, 16.831, 16.841, 16.852, 16.863, 16.874, 16.886, 16.897, 16.908, 16.919, 16.93, 16.94, 16.952, 16.962, 16.972, 16.984, 16.995, 17.007, 17.019, 17.029, 17.04, 17.051, 17.062, 17.072, 17.084, 17.095, 17.106, 17.118, 17.128, 17.14, 17.151, 17.162, 17.173, 17.184, 17.195, 17.207, 17.219, 17.229, 17.24, 17.252, 17.263, 17.274, 17.285, 17.296, 17.308, 17.32, 17.33, 17.341, 17.352, 17.363, 17.375, 17.386, 17.397, 17.408, 17.42, 17.431, 17.441, 17.453, 17.463, 17.475, 17.485, 17.497, 17.508, 17.52, 17.53, 17.541, 17.552, 17.563, 17.575, 17.585, 17.597, 17.608, 17.62, 17.63, 17.642, 17.653, 17.665, 17.676, 17.687, 17.698, 17.709, 17.721, 17.732, 17.743, 17.753, 17.765, 17.854, 17.857, 17.862, 17.866, 17.87, 17.873, 17.893, 17.895, 17.896, 17.898, 17.899, 17.907, 17.909, 17.915, 17.929, 17.938, 17.949, 17.96, 17.97, 17.981, 17.993, 18.004, 18.016, 18.026, 18.037, 18.048, 18.059, 18.07, 18.081, 18.092, 18.103, 18.115, 18.125, 18.137, 18.147, 18.158, 18.169, 18.18, 18.19, 18.202, 18.232, 18.238, 18.24, 18.246, 18.257, 18.268, 18.283, 18.291, 18.301, 18.313, 18.324, 18.335, 18.345, 18.356, 18.368, 18.379, 18.39, 18.4, 18.412, 18.422, 18.434, 18.444, 18.455, 18.466, 18.477, 18.489, 18.5, 18.511, 18.522, 18.533, 18.544, 18.555, 18.567, 18.578, 18.589, 18.6, 18.612, 18.623, 18.634, 18.644, 18.655, 18.666, 18.677, 18.689, 18.699, 18.711, 18.721, 18.733, 18.744, 18.755, 18.766, 18.777, 18.789, 18.799, 18.811, 18.822, 18.833, 18.844, 18.855, 18.866, 18.877, 18.889, 18.899, 18.911, 18.922, 18.933, 18.944, 18.954, 18.966, 18.977, 18.988, 18.999, 19.011, 19.022, 19.033, 19.045, 19.055, 19.066, 19.077, 19.089, 19.1, 19.112, 19.122, 19.134, 19.145, 19.156, 19.165, 19.177, 19.188, 19.199, 19.21, 19.221, 19.232, 19.243, 19.253, 19.264, 19.274, 19.285, 19.297, 19.308, 19.319, 19.328, 19.34, 19.352, 19.362, 19.373, 19.385, 19.396, 19.406, 19.418, 19.428, 19.44, 19.451, 19.461, 19.472, 19.484, 19.495, 19.507, 19.518, 19.529, 19.54, 19.551, 19.562, 19.573, 19.585, 19.596, 19.608, 19.619, 19.63, 19.641, 19.652, 19.662, 19.674, 19.685, 19.697, 19.709, 19.719, 19.73, 19.743, 19.753, 19.763, 19.775, 19.786, 19.797, 19.809, 19.82, 19.831, 19.841, 19.853, 19.863, 19.875, 19.886, 19.897, 19.908, 19.918, 19.93, 19.941, 19.952, 19.962, 19.973, 19.984, 19.996, 20.008, 20.018, 20.029, 20.039, 20.049, 20.06, 20.071, 20.083, 20.093, 20.106, 20.115, 20.127, 20.138, 20.148, 20.159, 20.17, 20.182, 20.205, 20.207, 20.215, 20.226, 20.236, 20.248, 20.259, 20.27, 20.281, 20.293, 20.305, 20.315, 20.327, 20.338, 20.349, 20.361, 20.372, 20.383, 20.393, 20.405, 20.416, 20.427, 20.438, 20.449, 20.46, 20.471, 20.482, 20.493, 20.505, 20.516, 20.527, 20.539, 20.55, 20.561, 20.572, 20.583, 20.595, 20.607, 20.617, 20.628, 20.64, 20.65, 20.661, 20.671, 20.683, 20.694, 20.705, 20.716, 20.727, 20.738, 20.75, 20.761, 20.771, 20.783, 20.793, 20.805, 20.816, 20.827, 20.838, 20.849, 20.86, 20.87, 20.882, 20.893, 20.905, 20.916, 20.927, 20.938, 20.949, 20.961, 20.971, 20.983, 20.994, 21.006, 21.017, 21.027, 21.039, 21.05, 21.061, 21.073, 21.084, 21.095, 21.107, 21.118, 21.128, 21.14];

x =[0.0474, 0.0455, 0.0435, 0.0405, 0.0386, 0.0405, 0.0375, 0.0345, 0.0345, 0.0296, 0.0296, 0.0314, 0.0333, 0.0303, 0.0264, 0.0314, 0.0284, 0.0285, 0.0303, 0.0325, 0.0325, 0.0364, 0.0383, 0.0374, 0.0344, 0.0365, 0.0345, 0.0316, 0.0345, 0.0364, 0.0315, 0.0305, 0.0305, 0.0285, 0.0343, 0.0382, 0.0393, 0.0363, 0.0333, 0.0344, 0.0412, 0.0333, 0.0343, 0.0363, 0.0373, 0.0403, 0.0384, 0.0334, 0.0343, 0.0343, 0.0315, 0.0345, 0.0374, 0.0363, 0.0345, 0.0364, 0.0335, 0.0335, 0.0324, 0.0304, 0.0314, 0.0345, 0.0275, 0.0285, 0.0246, 0.0218, 0.0284, 0.0187, 0.0228, 0.0139, 0.0128, 0.0129, 0.0128, 0.0128, 0.0118, 0.0207, 0.0188, 0.0199, 0.019, 0.0129, 0.0159, 0.0189, 0.0217, 0.0229, 0.0094, 0.0135, 0.0155, 0.0314, 0.0442, 0.0627, 0.0766, 0.0876, 0.0919, 0.0914, 0.0953, 0.101, 0.1028, 0.1127, 0.1148, 0.1149, 0.1252, 0.1401, 0.1618, 0.1805, 0.1846, 0.1876, 0.1887, 0.2128, 0.2279, 0.2015, 0.2393, 0.2464, 0.242, 0.2652, 0.2809, 0.2971, 0.3402, 0.3195, 0.2638, 0.2309, 0.2222, 0.2184, 0.2206, 0.2313, 0.2432, 0.282, 0.2177, 0.1823, 0.1785, 0.172, 0.1674, 0.1357, 0.1394, 0.1495, 0.1346, 0.1172, 0.0906, 0.0798, 0.0797, 0.0873, 0.0856, 0.0914, 0.1145, 0.0968, 0.1252, 0.127, 0.1383, 0.1416, 0.1618, 0.1772, 0.1746, 0.1824, 0.1667, 0.1879, 0.1125, 0.1187, 0.1108, 0.1038, 0.1478, 0.1577, 0.121, 0.1079, 0.1434, 0.1433, 0.1265, 0.1363, 0.1511, 0.1784, 0.205, 0.2022, 0.2005, 0.1961, 0.2002, 0.2068, 0.1996, 0.1945, 0.1924, 0.1832, 0.1694, 0.1557, 0.15, 0.1503, 0.1434, 0.1283, 0.1222, 0.1227, 0.1336, 0.1395, 0.1524, 0.1562, 0.147, 0.1315, 0.1223, 0.0878, 0.0769, 0.0601, 0.0538, 0.0494, 0.0452, 0.0352, 0.0313, 0.0294, 0.0253, 0.0136, -0.0071, -0.0247, -0.0316, -0.0444, -0.0436, -0.0391, -0.0279, 0.0069, 0.0141, 0.0182, 0.0157, 0.0104, 0.0089, 0.0003, -0.0143, -0.0299, -0.0215, -0.0184, -0.03, -0.028, -0.022, -0.0286, -0.0411, -0.051, -0.0605, -0.0835, -0.0996, -0.1362, -0.1461, -0.152, -0.1451, -0.1342, -0.1271, -0.1252, -0.1277, -0.1197, -0.1197, -0.0878, -0.0701, -0.0381, -0.0188, -0.0112, -0.0142, -0.0123, -0.0168, -0.0294, -0.0811, -0.1051, -0.1182, -0.1217, -0.1023, -0.0879, -0.0552, -0.0314, -0.0067, 0.0238, 0.0849, 0.1048, 0.1208, 0.1331, 0.1334, 0.1334, 0.1346, 0.1359, 0.1254, 0.1138, 0.0944, 0.0945, 0.108, 0.1275, 0.1422, 0.1465, 0.1411, 0.1499, 0.131, 0.1162, 0.0982, 0.0915, 0.1009, 0.1262, 0.1645, 0.2064, 0.2318, 0.2381, 0.2113, 0.1786, 0.1537, 0.1271, 0.0928, 0.0758, 0.035, 0.0073, -0.0336, -0.0787, -0.1179, -0.1412, -0.1593, -0.1658, -0.1329, -0.1102, -0.0856, -0.0717, -0.0586, -0.0455, -0.0233, -0.0145, -0.0097, -0.0013, 0.009, 0.0272, 0.0349, 0.0431, 0.0376, 0.0445, 0.0214, 0.0014, -0.0528, -0.0196, 0.0091, 0.0062, 0.0121, 0.0151, 0.0181, 0.0146, 0.018, 0.0253, 0.0302, 0.1238, 2.0066, 1.3137, -1.4932, -0.5009, 0.1655, 0.4267, 0.4511, 0.2481, -0.054, -0.0432, 0.1827, 0.0197, -0.1037, -0.1235, -0.1254, -0.1311, -0.1294, -0.1138, -0.095, -0.0782, -0.0637, -0.0461, -0.0282, -0.0124, -0.0096, -0.0147, -0.0179, -0.0168, -0.0042, 0.0064, 0.0061, 0.0118, 0.0119, 0.0166, 0.0157, 0.0087, -0.002, 0.0009, 0.0056, 0.0066, 0.0009, 0.0075, 0.0084, 0.0095, 0.0057, 0.0066, 0.0116, 0.0145, 0.031, 0.0409, 0.0624, 0.0503, 0.065, 0.0343, 0.0638, 0.0709, 0.1084, 0.105, 0.1152, 0.1106, 0.1002, 0.0934, 0.0797, 0.0793, 0.0644, 0.0534, 0.0569, 0.051, 0.0649, 0.0565, 0.043, 0.0502, 0.0175, 0.0589, 0.1071, 0.1463, 0.1923, 0.1564, 0.0674, -0.0002, -0.1464, -0.1413, -0.1013, -0.0761, -0.0566, -0.0346, -0.0113, 0.0323, 0.0585, 0.062, 0.0596, 0.0444, 0.0317, 0.027, 0.0458, 0.0693, 0.0999, 0.0815, 0.0608, 0.0506, 0.0492, 0.0484, 0.054, 0.0599, 0.0458, 0.0293, 0.0018, -0.0178, -0.0205, -0.0138, -0.0146, -0.0209, -0.0416, -0.0478, -0.0534, -0.0513, -0.0558, -0.0645, -0.0713, -0.0965, -0.1139, -0.1264, -0.14, -0.1395, -0.1501, -0.1506, -0.141, -0.1289, -0.112, -0.0921, -0.0843, -0.0755, -0.0792, -0.0752, -0.0682, -0.0663, -0.0588, -0.0559, -0.0441, -0.0411, -0.0352, -0.0479, -0.0638, -0.0747, -0.0747, -0.0717, -0.0589, -0.0557, -0.0616, -0.0794, -0.0785, -0.0661, -0.047, -0.0271, -0.0036, 0.0189, 0.0528, 0.0746, 0.0681, -0.0067, 0.0013, -0.0016, -0.0024, -0.0036, -0.0027, -0.0009, 0.002, 0.0073, 0.0235, -0.2392, -0.517, 1.3056, 0.4711, 0.332, 0.3571, 0.4669, 0.3141, 0.4307, 0.5504, 0.4154, 0.1993, 0.0736, 0.048, 0.0602, 0.0716, 0.074, 0.0525, 0.0447, 0.0607, 0.0755, 0.0972, 0.1136, 0.1164, 0.1309, 0.1368, 0.1408, 0.1474, 0.1493, 0.1481, 0.1569, 0.1715, 0.1801, 0.1866, 0.1923, 0.215, 0.2489, 0.265, 0.2371, 0.1948, 0.1929, 0.1478, 0.1158, 0.0577, 0.0211, 0.0124, 0.0251, 0.0124, -0.0381, -0.0342, -0.045, -0.0312, -0.0173, -0.0107, -0.0136, -0.0146, -0.0061, 0.0018, 0.0275, 0.0384, 0.0443, 0.0568, 0.0607, 0.0665, 0.0714, 0.0834, 0.1131, 0.126, 0.132, 0.1338, 0.1248, 0.1178, 0.105, 0.093, 0.0723, 0.0714, 0.0674, 0.0605, 0.0575, 0.0595, 0.0694, 0.0863, 0.0833, 0.0828, 0.0818, 0.0867, 0.0899, 0.0879, 0.0839, 0.0799, 0.0858, 0.0898, 0.0899, 0.0899, 0.0839, 0.0789, 0.071, 0.069, 0.0623, 0.0563, 0.0523, 0.0522, 0.0534, 0.0463, 0.0442, 0.0433, 0.0494, 0.0506, 0.0544, 0.0515, 0.0507, 0.0517, 0.0506, 0.0583, 0.0633, 0.0632, 0.063, 0.0629, 0.0657, 0.0656, 0.0665, 0.0705, 0.0795, 0.0813, 0.0883, 0.0884, 0.0904, 0.0894, 0.0914, 0.0965, 0.0955, 0.0955, 0.0935, 0.0907, 0.0788, 0.0718, 0.0678, 0.0688, 0.067, 0.0697, 0.0697, 0.0679, 0.0658, 0.0609, 0.0668, 0.07, 0.072, 0.069, 0.0787, 0.0788, 0.0857, 0.0846, 0.0855, 0.0856, 0.0845, 0.0815, 0.0775, 0.0764, 0.0735, 0.0735, 0.0695, 0.0677, 0.0607, 0.0627, 0.0697, 0.0718, 0.0747, 0.0756, 0.0756, 0.0687, 0.0677, 0.0677, 0.0727, 0.0785, 0.0755, 0.0706, 0.0715, 0.0696, 0.0697, 0.0717, 0.0737, 0.0776, 0.0728, 0.0768, 0.0718, 0.0709, 0.0738, 0.0719, 0.069, 0.0679, 0.066, 0.0669, 0.0699, 0.0688, 0.0679, 0.0698, 0.0698, 0.0698, 0.0697, 0.0629, 0.0658, 0.0668, 0.0609, 0.0656, 0.0687, 0.0687, 0.0666, 0.0656, 0.0666, 0.0667, 0.0667, 0.0667, 0.0736, 0.0657, 0.0697, 0.0677, 0.0676, 0.0657, 0.0736, 0.0716, 0.0706, 0.0696, 0.0706, 0.0677, 0.0734, 0.0734, 0.0704, 0.0744, 0.0761, 0.078, 0.0749, 0.0711, 0.0661, 0.069, 0.0662, 0.0653, 0.0771, 0.0743, 0.0792, 0.0773, 0.0773, 0.0754, 0.0743, 0.0754, 0.0763, 0.0762, 0.0713, 0.0723, 0.0743, 0.0791, 0.085, 0.083, 0.0771, 0.0791, 0.0829, 0.08, 0.082, 0.0829];

y =[-0.0945, -0.0975, -0.0965, -0.0963, -0.0982, -0.0952, -0.0932, -0.0862, -0.0902, -0.0862, -0.0813, -0.0784, -0.0754, -0.0753, -0.0762, -0.0821, -0.0848, -0.0888, -0.0867, -0.0918, -0.0938, -0.0891, -0.0873, -0.0883, -0.0862, -0.0883, -0.0882, -0.0882, -0.0843, -0.0854, -0.0862, -0.0881, -0.0871, -0.0802, -0.0773, -0.0764, -0.0825, -0.0794, -0.0773, -0.0842, -0.0843, -0.0822, -0.0803, -0.0833, -0.0842, -0.0824, -0.0883, -0.0852, -0.0764, -0.0784, -0.0814, -0.0805, -0.0826, -0.0757, -0.0824, -0.0853, -0.0881, -0.0901, -0.085, -0.0821, -0.0813, -0.0835, -0.0782, -0.0765, -0.0734, -0.0793, -0.0744, -0.0799, -0.0861, -0.0858, -0.0807, -0.0856, -0.0835, -0.0826, -0.0865, -0.0839, -0.085, -0.088, -0.0909, -0.0848, -0.0878, -0.0841, -0.0831, -0.0977, -0.1071, -0.1201, -0.1298, -0.1431, -0.1426, -0.1333, -0.1408, -0.1423, -0.1727, -0.1984, -0.2013, -0.1982, -0.1962, -0.208, -0.2227, -0.2361, -0.2782, -0.2934, -0.2989, -0.3072, -0.3134, -0.3137, -0.3283, -0.3091, -0.2905, -0.2764, -0.2435, -0.2148, -0.2336, -0.2555, -0.2273, -0.2089, -0.1468, -0.1819, -0.2502, -0.3127, -0.3269, -0.328, -0.3151, -0.3076, -0.3082, -0.3067, -0.2922, -0.2901, -0.2988, -0.3049, -0.3339, -0.3732, -0.3881, -0.3842, -0.4109, -0.4252, -0.4137, -0.4057, -0.3999, -0.3863, -0.4038, -0.398, -0.379, -0.4135, -0.4247, -0.4491, -0.4838, -0.458, -0.3713, -0.4093, -0.4258, -0.4395, -0.3941, -0.3094, -0.4328, -0.3632, -0.3211, -0.3179, -0.3151, -0.2955, -0.3154, -0.2907, -0.2834, -0.2871, -0.2805, -0.2876, -0.3043, -0.3086, -0.3335, -0.3441, -0.359, -0.3787, -0.3906, -0.3836, -0.3799, -0.3889, -0.3933, -0.3924, -0.3994, -0.4058, -0.4194, -0.436, -0.4424, -0.4346, -0.4417, -0.435, -0.4348, -0.4541, -0.4671, -0.4954, -0.5201, -0.516, -0.5322, -0.5383, -0.5254, -0.5151, -0.5038, -0.4904, -0.4869, -0.4815, -0.4852, -0.4871, -0.5257, -0.5273, -0.5141, -0.5079, -0.5048, -0.5033, -0.5049, -0.4986, -0.4902, -0.4933, -0.5122, -0.5222, -0.5411, -0.5629, -0.5798, -0.5848, -0.5808, -0.5719, -0.5523, -0.5545, -0.5574, -0.5499, -0.5493, -0.5611, -0.5592, -0.5463, -0.5428, -0.5469, -0.5504, -0.5467, -0.5232, -0.5117, -0.5063, -0.5069, -0.5189, -0.5178, -0.493, -0.4584, -0.4204, -0.4195, -0.4373, -0.4357, -0.4338, -0.424, -0.4172, -0.4455, -0.489, -0.5117, -0.5103, -0.5163, -0.5333, -0.5492, -0.5503, -0.553, -0.5586, -0.5629, -0.563, -0.5635, -0.546, -0.5285, -0.5021, -0.4818, -0.4862, -0.4711, -0.4584, -0.4524, -0.4403, -0.4185, -0.3993, -0.3967, -0.4222, -0.4549, -0.4828, -0.4666, -0.431, -0.4149, -0.4306, -0.4233, -0.4162, -0.3992, -0.3693, -0.3488, -0.3422, -0.3316, -0.3294, -0.3152, -0.3137, -0.311, -0.3036, -0.3224, -0.3016, -0.2594, -0.2257, -0.2222, -0.2045, -0.1755, -0.1533, -0.1578, -0.1164, -0.0961, -0.1134, -0.1174, -0.1194, -0.1222, -0.1213, -0.1254, -0.1311, -0.1485, -0.1618, -0.1716, -0.1779, -0.1872, -0.2013, -0.2414, -0.2732, -0.2775, -0.2379, -0.2226, -0.1884, -0.0572, -0.0044, -0.0044, -0.0026, -0.0067, -0.0058, -0.0265, -0.0047, 0.015, 0.0111, 0.0867, 0.0546, -0.3687, -0.054, -0.2333, 0.1276, 0.0841, -0.0188, -0.1396, -0.2572, -0.1104, 0.051, -0.0035, -0.2094, -0.1903, -0.1534, -0.125, -0.138, -0.1555, -0.1668, -0.1657, -0.1543, -0.1471, -0.1624, -0.1678, -0.1715, -0.1615, -0.1476, -0.1429, -0.1326, -0.1308, -0.1207, -0.1147, -0.1168, -0.1139, -0.1149, -0.1124, -0.1199, -0.12, -0.1111, -0.115, -0.118, -0.1064, -0.1014, -0.1017, -0.1085, -0.1055, -0.1152, -0.1135, -0.1108, -0.1189, -0.1338, -0.1526, -0.1615, -0.1876, -0.1546, -0.1505, -0.1674, -0.1787, -0.2035, -0.2287, -0.2434, -0.2384, -0.2314, -0.2431, -0.2905, -0.2785, -0.2674, -0.2815, -0.3022, -0.3064, -0.2865, -0.2435, -0.2695, -0.2988, -0.3139, -0.3453, -0.4187, -0.5057, -0.4691, -0.337, -0.2307, -0.2445, -0.2519, -0.2892, -0.2925, -0.273, -0.24, -0.1997, -0.2057, -0.2411, -0.2857, -0.2758, -0.2519, -0.235, -0.2189, -0.2414, -0.314, -0.3329, -0.3236, -0.3026, -0.2894, -0.3097, -0.3113, -0.3219, -0.3483, -0.3501, -0.3348, -0.3323, -0.3479, -0.3583, -0.3739, -0.3957, -0.3825, -0.3712, -0.3546, -0.3615, -0.3782, -0.382, -0.3791, -0.378, -0.3761, -0.3664, -0.3587, -0.3712, -0.3693, -0.3388, -0.3225, -0.3396, -0.3492, -0.3578, -0.3504, -0.3373, -0.3376, -0.3379, -0.3479, -0.3429, -0.3408, -0.3398, -0.345, -0.3489, -0.3521, -0.3489, -0.3366, -0.3256, -0.3256, -0.3315, -0.3425, -0.3554, -0.3562, -0.3505, -0.3571, -0.3596, -0.3661, -0.3635, -0.3442, -0.3411, -0.3186, -0.2571, -0.1248, -0.0359, -0.0108, -0.0175, -0.0234, -0.0201, -0.0181, -0.0161, -0.019, 0.0125, 0.03, 0.1752, -0.308, -0.1854, -0.3185, 0.0017, -0.0398, -0.0041, -0.0981, -0.1925, -0.113, 0.0632, 0.1103, 0.0421, -0.0253, -0.0551, -0.0338, -0.0103, -0.0211, -0.0295, -0.063, -0.0789, -0.0911, -0.0835, -0.0728, -0.0652, -0.0702, -0.0772, -0.0703, -0.0644, -0.0546, -0.05, -0.0464, -0.0291, -0.0105, 0.0019, 0.002, -0.0105, -0.0317, -0.0462, -0.0199, -0.0722, -0.1792, -0.1418, -0.0769, -0.021, 0.0121, 0.0945, 0.0073, -0.0727, -0.201, -0.2015, -0.1393, -0.0719, -0.0592, -0.06, -0.0572, -0.0426, -0.044, -0.0507, -0.059, -0.0611, -0.0553, -0.0515, -0.0469, -0.0402, -0.0466, -0.0509, -0.0545, -0.0606, -0.0508, -0.0379, -0.0385, -0.0322, -0.0228, -0.021, -0.024, -0.0219, -0.0217, -0.0176, -0.0148, -0.0154, -0.0172, -0.0141, 0.0, 0.004, 0.0019, -0.0111, -0.0139, -0.0116, -0.0094, -0.0086, -0.0157, -0.0186, -0.0214, -0.0211, -0.018, -0.0177, -0.0136, -0.0223, -0.0143, -0.014, -0.0111, -0.0142, -0.0071, 0.0009, -0.0002, -0.0064, -0.0193, -0.0163, -0.0154, -0.0233, -0.0204, -0.0117, -0.004, -0.0052, -0.0004, 0.0085, 0.0154, 0.0233, 0.0281, 0.0321, 0.0281, 0.0247, 0.0267, 0.0245, 0.0185, 0.0098, 0.009, 0.0031, -0.0098, -0.0108, -0.0107, -0.0135, -0.0174, -0.0198, -0.0087, -0.0095, -0.0115, -0.0107, -0.0028, 0.003, -0.0001, 0.0077, 0.0147, 0.0135, 0.0025, -0.0016, 0.0064, 0.0072, 0.006, 0.0029, 0.006, 0.0119, 0.0069, 0.0052, 0.0112, 0.0133, 0.0183, 0.0145, 0.0146, 0.0157, 0.0079, 0.0149, 0.014, 0.0087, 0.0056, 0.0065, 0.0133, 0.0104, 0.0136, 0.0097, 0.0107, 0.0086, 0.0113, 0.0114, 0.0145, 0.0185, 0.0136, 0.0078, 0.0037, 0.0046, 0.0054, 0.0065, 0.0034, 0.0045, 0.0006, 0.0044, -0.0023, -0.0023, -0.0002, 0.0008, 0.0037, 0.0036, 0.0085, 0.0056, 0.0095, 0.0067, 0.0076, 0.0096, 0.0107, 0.0078, 0.0088, 0.0128, 0.0157, 0.0126, 0.0126, 0.0157, 0.0177, 0.0186, 0.0185, 0.0156, 0.0146, 0.0135, 0.0146, 0.0126, 0.0146, 0.0196, 0.0147, 0.0125, 0.0145, 0.0126, 0.0136, 0.0146, 0.0155, 0.0204, 0.0204, 0.0264, 0.0271, 0.035, 0.0331, 0.0412, 0.0412, 0.0433, 0.0404, 0.0384, 0.0364, 0.0341, 0.0301, 0.0319, 0.027, 0.027, 0.0241, 0.0291, 0.0212, 0.0272, 0.0282, 0.0312, 0.0263, 0.0254, 0.0301, 0.03, 0.03, 0.0321, 0.034, 0.0359, 0.0369, 0.0378, 0.035];

z =[-1.0446, -1.0475, -1.0466, -1.0377, -1.0358, -1.0348, -1.0329, -1.035, -1.0349, -1.0361, -1.0421, -1.0381, -1.0372, -1.0362, -1.0323, -1.0282, -1.0183, -1.0202, -1.0123, -1.0201, -1.0201, -1.026, -1.033, -1.0369, -1.034, -1.0369, -1.033, -1.038, -1.038, -1.0379, -1.0361, -1.0331, -1.0341, -1.0332, -1.0341, -1.0341, -1.0409, -1.0361, -1.0351, -1.0331, -1.028, -1.0301, -1.0321, -1.0321, -1.03, -1.0369, -1.0349, -1.0321, -1.0381, -1.0361, -1.042, -1.046, -1.0469, -1.05, -1.043, -1.035, -1.031, -1.029, -1.0252, -1.0262, -1.0361, -1.0439, -1.0332, -1.0451, -1.0453, -1.0462, -1.0392, -1.0304, -1.0421, -1.0334, -1.0226, -1.0225, -1.0186, -1.0186, -1.0166, -1.0303, -1.0372, -1.0412, -1.0382, -1.0314, -1.0343, -1.0402, -1.0363, -1.0281, -1.0193, -1.022, -1.0129, -1.0243, -1.035, -1.0477, -1.0642, -1.0827, -1.0723, -1.0759, -1.0669, -1.054, -1.0491, -1.0408, -1.0317, -1.0157, -0.9901, -0.9976, -1.0061, -1.0106, -1.0223, -1.0341, -1.022, -1.0249, -1.014, -1.0255, -0.9701, -0.9546, -0.9613, -1.0031, -1.0626, -1.0606, -0.9076, -0.9114, -0.8767, -0.8822, -0.8594, -0.8693, -0.9159, -0.9248, -0.9483, -1.0366, -0.9588, -0.9337, -0.9297, -0.9455, -0.9244, -0.8976, -0.8479, -0.8933, -0.9149, -0.9021, -0.8968, -0.903, -0.9041, -0.9101, -0.9, -0.897, -0.9117, -0.9293, -0.9207, -0.9629, -0.9612, -0.9506, -0.9773, -0.9923, -0.9862, -0.971, -1.0372, -1.1745, -1.0029, -1.0632, -1.0362, -1.0285, -1.0456, -1.0922, -1.0895, -1.097, -1.147, -1.2369, -1.2194, -1.2162, -1.1989, -1.1954, -1.1828, -1.1728, -1.1766, -1.1852, -1.185, -1.1731, -1.1377, -1.1001, -1.0724, -1.035, -1.0025, -0.9888, -0.9827, -0.9736, -0.9529, -0.9216, -0.884, -0.8426, -0.7663, -0.7431, -0.7398, -0.7729, -0.7855, -0.7957, -0.8253, -0.8712, -0.8785, -0.872, -0.8535, -0.8251, -0.8005, -0.782, -0.776, -0.7721, -0.7874, -0.7816, -0.7772, -0.7796, -0.7797, -0.7652, -0.7483, -0.7197, -0.684, -0.6567, -0.6563, -0.662, -0.6737, -0.6863, -0.6949, -0.7088, -0.719, -0.7313, -0.7324, -0.7373, -0.7503, -0.7662, -0.7829, -0.7878, -0.8018, -0.8111, -0.8429, -0.8748, -0.9175, -0.9706, -0.9899, -1.0119, -1.0296, -1.0482, -1.0559, -1.047, -1.0415, -1.023, -0.9959, -0.9687, -0.9543, -0.94, -0.9249, -0.919, -0.9251, -0.9652, -1.0298, -1.0949, -1.1828, -1.2117, -1.2394, -1.2461, -1.2369, -1.2089, -1.1579, -1.0952, -1.0256, -0.86, -0.7595, -0.6437, -0.5351, -0.4374, -0.3543, -0.2863, -0.2351, -0.1778, -0.1188, -0.0689, -0.0112, -0.029, -0.063, -0.1097, -0.1634, -0.2387, -0.3431, -0.4786, -0.7051, -0.8013, -0.864, -0.9088, -0.9319, -0.9683, -1.0034, -1.0237, -1.0371, -1.1143, -1.1682, -1.2172, -1.2661, -1.3008, -1.3264, -1.354, -1.4372, -1.4872, -1.5316, -1.5545, -1.5673, -1.5676, -1.5853, -1.5571, -1.4979, -1.4293, -1.3508, -1.2744, -1.2119, -1.1543, -1.1213, -1.0932, -1.0642, -1.0017, -0.9559, -0.91, -0.8672, -0.8398, -0.8098, -0.7177, -0.6208, -0.1942, 0.1068, 0.1509, 0.0042, 0.0013, -0.0036, -0.0065, -0.0094, -0.0141, -0.0035, 0.0082, 0.0103, -2.0217, -1.991, -1.9958, -0.2198, -1.0157, -0.6852, -1.0056, -2.0149, -1.4598, -1.63, -1.6162, -1.607, -1.4704, -1.1253, -1.1259, -1.0988, -1.0647, -1.0211, -0.9889, -0.9973, -1.0257, -1.0366, -1.0512, -1.0636, -1.0691, -1.0592, -1.0535, -1.0478, -1.0627, -1.0755, -1.0753, -1.0626, -1.0547, -1.0606, -1.0586, -1.0596, -1.039, -1.0292, -1.0301, -1.0232, -1.0192, -1.0262, -1.0322, -1.0312, -1.0421, -1.045, -1.0371, -1.029, -1.0369, -1.0337, -1.0354, -1.02, -1.0407, -1.0265, -1.0315, -0.9218, -0.9584, -0.9782, -1.0098, -1.0063, -0.9911, -0.998, -1.0012, -1.0094, -0.9499, -1.0275, -1.0269, -1.0072, -0.9775, -0.9641, -0.9869, -1.0457, -1.0562, -1.0553, -1.0512, -1.071, -1.1331, -1.2203, -1.2759, -1.3056, -1.3155, -1.3056, -1.3044, -1.2898, -1.3105, -1.3092, -1.2982, -1.247, -1.2063, -1.1861, -1.1776, -1.1414, -1.1022, -1.0474, -0.9934, -0.9557, -0.9234, -0.9258, -0.906, -0.8996, -0.8951, -0.8746, -0.8535, -0.8277, -0.8087, -0.8134, -0.8206, -0.8213, -0.8127, -0.8056, -0.7777, -0.7705, -0.7802, -0.7817, -0.7622, -0.724, -0.7209, -0.7257, -0.7297, -0.7348, -0.756, -0.7761, -0.8001, -0.8222, -0.8546, -0.8706, -0.8761, -0.89, -0.8984, -0.9178, -0.9371, -0.9519, -0.9846, -1.0034, -1.0152, -1.015, -1.0121, -0.9961, -0.9882, -0.9919, -0.9888, -0.9936, -0.9939, -0.9884, -0.9867, -0.9857, -0.9846, -0.9823, -0.9801, -0.9752, -0.9558, -0.9369, -0.9031, -0.8611, -0.8035, -0.7491, -0.6667, -0.5894, -0.5435, -0.4269, -0.0133, 0.022, 0.031, 0.03, 0.0448, 0.0507, 0.0537, 0.0577, 0.0623, 0.0672, -2.0289, -2.0261, -1.9987, -2.0101, -1.0335, -0.4354, -0.6774, -1.8113, -2.0027, -1.7361, -1.5046, -1.3121, -1.1905, -1.1365, -1.1369, -1.141, -1.0385, -1.0119, -0.9932, -0.9746, -0.9672, -0.9677, -0.9646, -0.9686, -0.9695, -0.9674, -0.9702, -0.9613, -0.9603, -0.9635, -0.9733, -0.978, -0.991, -0.9922, -1.0032, -1.0314, -1.0851, -1.0993, -1.1105, -1.1145, -1.1246, -1.098, -1.0774, -1.0377, -0.9838, -0.9577, -0.9113, -0.9508, -1.0166, -1.0769, -1.0632, -0.9918, -0.951, -0.9511, -0.9472, -0.9512, -0.9563, -0.966, -0.9872, -0.9958, -0.9947, -0.9906, -0.9936, -1.0025, -1.0094, -1.0279, -1.0689, -1.0874, -1.0941, -1.0952, -1.0975, -1.0818, -1.0782, -1.0617, -1.0373, -1.0403, -1.0345, -1.0306, -1.0267, -1.0347, -1.0582, -1.0787, -1.0778, -1.0592, -1.0583, -1.0612, -1.0679, -1.059, -1.0472, -1.0423, -1.0442, -1.049, -1.048, -1.041, -1.0302, -1.0254, -1.0196, -1.0128, -1.0108, -1.01, -1.0002, -0.9993, -1.0101, -1.0024, -0.9996, -1.0035, -1.0152, -1.017, -1.011, -1.018, -1.0228, -1.0288, -1.0339, -1.0378, -1.0446, -1.0507, -1.0478, -1.0479, -1.046, -1.0481, -1.0462, -1.047, -1.0597, -1.0587, -1.0635, -1.0654, -1.0573, -1.0464, -1.0453, -1.046, -1.0431, -1.0411, -1.0341, -1.0351, -1.0155, -1.0099, -1.002, -1.0059, -1.0159, -1.013, -1.019, -1.0298, -1.032, -1.0351, -1.0379, -1.0466, -1.0485, -1.0487, -1.0505, -1.0574, -1.0592, -1.0534, -1.0534, -1.0554, -1.0464, -1.0426, -1.0407, -1.0359, -1.0309, -1.027, -1.0271, -1.0191, -1.0213, -1.0192, -1.0299, -1.0378, -1.0367, -1.0427, -1.0368, -1.034, -1.031, -1.031, -1.0329, -1.0377, -1.0348, -1.0339, -1.032, -1.031, -1.026, -1.0308, -1.0347, -1.0377, -1.0417, -1.0446, -1.0407, -1.0406, -1.0456, -1.0376, -1.0417, -1.0318, -1.0338, -1.0368, -1.0388, -1.0418, -1.0388, -1.0388, -1.0329, -1.0349, -1.0359, -1.0331, -1.028, -1.029, -1.0291, -1.0261, -1.033, -1.031, -1.0281, -1.0282, -1.0291, -1.0351, -1.035, -1.033, -1.0349, -1.034, -1.032, -1.031, -1.0301, -1.0311, -1.0358, -1.0319, -1.0319, -1.031, -1.03, -1.035, -1.035, -1.03, -1.0312, -1.041, -1.0381, -1.0311, -1.0273, -1.0304, -1.0285, -1.0215, -1.0235, -1.0294, -1.0351, -1.042, -1.044, -1.0439, -1.0449, -1.0419, -1.039, -1.0419, -1.036, -1.035, -1.0342, -1.0341, -1.0291, -1.035, -1.033, -1.0379, -1.0371, -1.039, -1.0351, -1.0371, -1.0391, -1.0331];

vs =[1.049936269494487, 1.0530112772425566, 1.0519391902576878, 1.042945458784878, 1.0411603334741484, 1.0399588116843859, 1.0377740120083947, 1.0391562394558385, 1.039396122755901, 1.0401008653010535, 1.0456855454676612, 1.0415297067294818, 1.0404700332061465, 1.0393741482257484, 1.035445165134301, 1.0319503912495018, 1.0222193942593731, 1.024453869141993, 1.01645770694112, 1.0247377713346961, 1.0249188748383942, 1.0305046191065812, 1.0373895989453528, 1.041324762021916, 1.0381569245542794, 1.041292826250138, 1.0373323912806347, 1.0422196505535675, 1.0419888387118166, 1.042043439593571, 1.0401566708914576, 1.037298158679557, 1.038209742778404, 1.0366998263721279, 1.0375522107344768, 1.0376218048981045, 1.0449036079945364, 1.0397717345648516, 1.0385163407477034, 1.0370962395072116, 1.0322731857410614, 1.0339108955804654, 1.035787135467515, 1.036092172540648, 1.0341087612045456, 1.0409493071230702, 1.0393697417185088, 1.0361491253675796, 1.041472544045209, 1.0396279430642485, 1.0456491811310331, 1.0496601831068948, 1.0508192660966964, 1.053350929177926, 1.0468185181778167, 1.0391467894383353, 1.0352994059691139, 1.03348016913727, 1.0292277687664668, 1.0299276722178117, 1.0397590393932625, 1.047802323914201, 1.0365200094547138, 1.0482836018940676, 1.0481625875788545, 1.0494275439495573, 1.0422468805422254, 1.0336623529954063, 1.0458993546226139, 1.0370488947007273, 1.0258591959913406, 1.026157892334313, 1.0220968887537032, 1.0220237570624275, 1.0203416339638405, 1.0339176901475282, 1.040846905169055, 1.045101645774228, 1.0423449764833137, 1.0349605837905134, 1.0381416762658167, 1.0437653280311623, 1.0398529655677287, 1.032985629135275, 1.024954272150714, 1.0291211104627094, 1.0213004944677153, 1.0347241468140194, 1.0457119106140085, 1.058005420591029, 1.0762034380171808, 1.0955192102377758, 1.0899991697244547, 1.09785123309126, 1.0898987980542048, 1.0772187521576106, 1.0722280960691153, 1.0673471459651729, 1.0616869689319919, 1.0490908969198047, 1.0360348884086867, 1.0492460769523992, 1.0619593495044901, 1.0715710195782637, 1.0850778819974167, 1.0967972738842853, 1.0898956739064525, 1.0914424675629952, 1.079131437777623, 1.0810409150443845, 1.0284214846063844, 1.0090159364450098, 1.0184452120757406, 1.068560199520832, 1.1223586147038742, 1.1210619875814183, 0.9803183360521214, 0.9827603064837326, 0.9491013486451276, 0.9640399058130321, 0.9459412296755016, 0.9544448910230491, 0.9933907488999483, 1.0016848256812119, 1.0263558690824544, 1.1171966926195225, 1.0257054011752107, 0.9945788002968894, 0.9927163643256819, 1.0082253022018441, 0.9970091925353547, 0.9815184613648384, 0.9428618032352355, 0.9838418470465667, 1.0119278531595026, 1.004149037742904, 0.9917692725629284, 0.9931613816495283, 0.9918008419032522, 0.9925376516787663, 0.9901423130035399, 0.9855795046570317, 0.9939558038464286, 1.0217391937280276, 1.0216328205377898, 1.070044961672172, 1.0849399845152727, 1.0646383987063401, 1.0579027460026749, 1.0879272126387867, 1.0882928098632279, 1.0813283543864, 1.1220015775389978, 1.229017908738518, 1.0980803704647486, 1.1297779295065025, 1.0904550838984612, 1.0815022422538012, 1.1020037250390764, 1.1424055234460309, 1.1406701582841552, 1.139981534938176, 1.190163064457976, 1.2778430693946736, 1.2576242920681837, 1.257153089325242, 1.2461103121313137, 1.247413997035467, 1.2458985071024045, 1.2388500676030172, 1.2463822888664617, 1.2595903858000823, 1.263674562535782, 1.2514307052330145, 1.215946322828438, 1.1829173555240453, 1.1583369155819907, 1.121946968443696, 1.0923474584581592, 1.0801118321729468, 1.0789326438661497, 1.0773036015905637, 1.0603300099497326, 1.0269783882828305, 0.9957347689018397, 0.956166852594253, 0.8911316906047051, 0.8819663655718397, 0.8880947077874071, 0.9312325219836343, 0.9534795540545167, 0.9574375906553909, 0.9896030618384323, 1.0278449153447224, 1.0265091426772583, 1.014556070407151, 0.9925578723681557, 0.9611048485987363, 0.9380377924156361, 0.919024096528486, 0.9157372603536453, 0.9133833696756253, 0.9471004909723149, 0.9429362703809839, 0.9318739507036345, 0.9307785236026881, 0.9293834999611301, 0.9169587177185241, 0.9037576334394083, 0.8764124942057822, 0.8419800769614446, 0.8213692166133327, 0.8326327761984872, 0.8433671086780655, 0.86423804012552, 0.887678015949477, 0.9050598101783107, 0.9189061812829425, 0.9243885168044873, 0.9288505315711456, 0.9175550664674029, 0.9227242816789856, 0.9351710271388864, 0.9435234231326746, 0.9566331062638382, 0.9676156313330205, 0.9784053812198704, 0.9792486405402869, 1.004376672369485, 1.0350588872136697, 1.0745541261379066, 1.1222725560219318, 1.1291525406250476, 1.1440640279285073, 1.1564903198903138, 1.1720411639528707, 1.1833581157029347, 1.1747343869998867, 1.1593440127934418, 1.1273808806255319, 1.0876033560080622, 1.0592774801722162, 1.052061685453852, 1.0367671387539248, 1.0217513836545562, 1.012157319787789, 1.014922405901062, 1.063123972074753, 1.1401277472283533, 1.2089281450938265, 1.2907358908777582, 1.321298070081085, 1.3544343801011551, 1.3671857006273873, 1.3576512770221962, 1.3322817344691025, 1.2867841349659235, 1.2317895152987786, 1.1699868589005606, 1.0284447919066926, 0.9392359980324434, 0.8394313432318334, 0.7436592364786442, 0.6642029885509398, 0.6162097775920146, 0.5671846789186041, 0.5324657078160057, 0.5047250835851137, 0.47297218734297686, 0.4391354005315445, 0.41045985187348105, 0.4088302092556273, 0.4403246983760961, 0.48499932989644434, 0.5291656073480211, 0.544201708927857, 0.568671979263969, 0.6508993624209506, 0.836506646715972, 0.913655854247101, 0.9640340657881339, 0.9968201091470819, 1.0074725356058098, 1.0369150254480837, 1.07283393402707, 1.095682987912106, 1.1125700022919907, 1.1822466493925878, 1.2279033431015651, 1.2689345136767303, 1.311032364207688, 1.34617116667978, 1.363418996493741, 1.3807063409718956, 1.4552351459472108, 1.5037253638879675, 1.5455574301849804, 1.5663537882611323, 1.5791866862407369, 1.5818369195337427, 1.5975298244477314, 1.5688483865562026, 1.5080538385614752, 1.4383411591135118, 1.358765748758777, 1.2822515704806137, 1.219364285191263, 1.1619827451386704, 1.1291783694350508, 1.1033352799580007, 1.0764733949336602, 1.016292841655396, 0.9723549866175418, 0.9294534307860722, 0.8909408173386153, 0.8748689101802624, 0.8554694851366704, 0.77076571667401, 0.6651669038669918, 0.2954088014937944, 0.2229094883579432, 0.16256324922933843, 0.010945775440780795, 0.007712976079309464, 0.012889142717807108, 0.017752464617624225, 0.02120400905489337, 0.03337993409220576, 0.01892987057536316, 0.030534079321309165, 0.033783723891838806, 2.0273416633611614, 2.827278854304966, 2.417636246419217, 1.510256362343824, 1.1562768656338325, 0.7163595814952154, 1.0956172050492818, 2.06486480429107, 1.4872988300943426, 1.6510505261802257, 1.6205421438518655, 1.6181561389433345, 1.4705361267238557, 1.1493050682912695, 1.148528253897134, 1.116520559595747, 1.079999212962676, 1.0384765620850573, 1.0074988337462232, 1.0156054991974, 1.0419367639161219, 1.0499551133262792, 1.0624429678810998, 1.0762964089877844, 1.0822594005135737, 1.0730373013087662, 1.0659083403370104, 1.0582962770415476, 1.0723963539662003, 1.0836515353193572, 1.0832449815254164, 1.069450541165883, 1.0609841751883013, 1.0670783523247016, 1.0648392977346393, 1.0659271363465703, 1.0450982968123141, 1.0361624631301791, 1.037066449172858, 1.0292292310267914, 1.0256886467149766, 1.0329623662070173, 1.0376965115099888, 1.0362074888746944, 1.0470938592122485, 1.050633018708245, 1.042473126751956, 1.0354934089601922, 1.0431941861417748, 1.04008332839249, 1.0430067976767938, 1.0306290312231652, 1.0530305503640434, 1.0411577690244644, 1.0489816490291906, 0.9368494222659263, 0.9727320391556968, 0.9983228736235586, 1.0308514587466033, 1.0331132464546178, 1.023139902457137, 1.0321277052768227, 1.033421288729819, 1.0386464316599755, 0.9837154619095909, 1.0697167195103572, 1.0653344169790067, 1.0436437179420954, 1.0185035591494023, 1.0124355090572437, 1.034912952861254, 1.0850897382244475, 1.085067154603806, 1.0893092260694388, 1.0944277454450795, 1.1211800123084608, 1.1935457217886545, 1.3043853226711806, 1.3813450908444276, 1.3889524577896826, 1.35797985625708, 1.3338841066599454, 1.3346180352445414, 1.3180665157722504, 1.344186780176029, 1.3426706409242737, 1.3270453647106417, 1.2699357030968144, 1.223144746135959, 1.2052252693998744, 1.2036257599436795, 1.1781216448228087, 1.1370496207290164, 1.0777315342885723, 1.0211745981956268, 0.9815178755376797, 0.9569451447183376, 0.9826910246868035, 0.9686592073582948, 0.9579633395908217, 0.946219387879999, 0.9225498143731861, 0.9092408371823166, 0.8859520190168314, 0.8724696613636488, 0.886019237940125, 0.8926437475275341, 0.8869204981282145, 0.8781921315976362, 0.8777505454284834, 0.8563799507228085, 0.8565539212448916, 0.8750584780458961, 0.8712586871876802, 0.8491308026446809, 0.8079410374526101, 0.8080908055410605, 0.8202373863705555, 0.8261636278607284, 0.8298985118675657, 0.8507245441387007, 0.8699170247788004, 0.8890365178101516, 0.9078978631982785, 0.9421204010104016, 0.9575264278337179, 0.9513238197375276, 0.9570722282043295, 0.9690541419342884, 0.9883529126784621, 1.0073031619130361, 1.0178409797212922, 1.0435078820976869, 1.061629860167846, 1.0725961448746681, 1.0751328522559431, 1.0706645179513514, 1.0544274702415526, 1.0464836788024934, 1.0511115164434268, 1.04935497330503, 1.0547295435323694, 1.0544490646778535, 1.046090129960129, 1.0417160553624965, 1.040768917675773, 1.0413790376227092, 1.0419638909290474, 1.0440343193592823, 1.040042326061781, 1.0211308682044629, 1.0057157998162303, 0.9743053833372779, 0.936873214474616, 0.8823145187516751, 0.8244012433275437, 0.7491297017206032, 0.6720760076062826, 0.6058529689619421, 0.44995139737531653, 0.03886630931796844, 0.02454241226937564, 0.03563439349841666, 0.038122434339900174, 0.049234236055817907, 0.05390166973294983, 0.05606879702651021, 0.06078067126973837, 0.0639595966216173, 0.07725341416403549, 2.0504504114949964, 2.1135832630866473, 2.394528389892256, 2.088990059813593, 1.0855179132561563, 0.5645153762299128, 0.8227291048698836, 1.8409481551635287, 2.0575145272877178, 1.8247609076259828, 1.5621691841794858, 1.331725568576349, 1.1935156555320083, 1.1377945069299642, 1.1398252760840146, 1.1437438524424952, 1.0411841047576553, 1.0134806707579578, 0.9946429409592168, 0.9785185997210273, 0.973345416591664, 0.9768266683501224, 0.9748488959833724, 0.9782815341199076, 0.9804672865526928, 0.9795432813306414, 0.9833984543408637, 0.9750725819137773, 0.9739681411627384, 0.976343699728738, 0.9871324632489806, 0.9940066448470051, 1.0076526286374685, 1.0096487755650476, 1.021466171735511, 1.0535724749631608, 1.113329901691318, 1.131234007621765, 1.1364686973251839, 1.1315711643551192, 1.1433059126935363, 1.1223018667007554, 1.0928438314782218, 1.042144035150612, 0.9842502984505517, 0.9578567011823846, 0.9165303868394108, 0.9509088757604485, 1.0199080644842455, 1.0960311355066514, 1.0830611663244138, 1.002020543701575, 0.9538710080508789, 0.9530007030427626, 0.9491958701975056, 0.9530301359348508, 0.9572678099675138, 0.9670032264682471, 0.9888835017331414, 0.9982851296097723, 0.9975589155533622, 0.9937669193528229, 0.9967836776352229, 1.0057972509407649, 1.0127202772730484, 1.0323301458351393, 1.076071387037124, 1.0960314822120758, 1.1036988583848406, 1.104511711119443, 1.1052229186910665, 1.088875718344385, 1.0837790734277906, 1.0660092541812198, 1.0400286438363129, 1.0430235136371566, 1.0369245970657655, 1.0326022951746718, 1.0284594790267625, 1.0365150167749622, 1.0605851026673907, 1.082283336284912, 1.0811061649995342, 1.0624314001383808, 1.061464144472153, 1.0647374981656277, 1.0717348692657154, 1.0627326192415476, 1.050619631455647, 1.0454002391428845, 1.0477543796138482, 1.0529537169315657, 1.052013293642243, 1.0450937613439284, 1.0338261265802873, 1.0285885328934987, 1.0222223094806728, 1.0152387896450763, 1.0129635827609993, 1.0116690071362273, 1.001664280085898, 1.0007240079062758, 1.011610206551911, 1.003493826587887, 1.0005771384556017, 1.0044337608822198, 1.016421349638033, 1.0184408917556285, 1.0125937240571856, 1.0194181722924112, 1.024320857934661, 1.0303001941181997, 1.0352035838423281, 1.0394439523129662, 1.0465290679192814, 1.052599111722977, 1.0497266739489857, 1.049899033240816, 1.0483202659492947, 1.0505268107002315, 1.0488026983184207, 1.0497470457210154, 1.0629649241625991, 1.0621526585194805, 1.0674405791424644, 1.0692211978818975, 1.0612028505427225, 1.0502505986668136, 1.049292933360365, 1.0504876439063908, 1.047518257597451, 1.0455256811766986, 1.0384061392345483, 1.039211845582988, 1.0187451742216993, 1.0124865134904268, 1.0043361439279181, 1.0083156747765056, 1.0181631990992408, 1.0153989019099834, 1.0213853778080044, 1.032036074950871, 1.0341242333491658, 1.0369941706682828, 1.0401350393098003, 1.04894128053004, 1.0509704134750892, 1.0509869885017606, 1.053468452304102, 1.0603490934593192, 1.0626653000827684, 1.0568087433400615, 1.0569311330451006, 1.0588881574557343, 1.049819151092225, 1.0458405471198753, 1.0436664361758503, 1.0388747085187897, 1.0336185514976015, 1.0297302607964864, 1.029568429003143, 1.0213767718134183, 1.0232107260970247, 1.021222762182669, 1.0322924924651928, 1.0402958425371123, 1.0394081152271228, 1.0455216592687115, 1.0396046171501934, 1.0363689738698278, 1.033265880594148, 1.0332757521591223, 1.035491023621161, 1.0407262992737332, 1.0376132468314, 1.0364090987636108, 1.0346393091314479, 1.0334360744622766, 1.0283943455698306, 1.033297256359466, 1.0373316441717182, 1.0406114596716682, 1.044260973128844, 1.0474249185502509, 1.043183579241928, 1.0430127180432651, 1.0482104559676937, 1.040090697968211, 1.0439852393592546, 1.0340317645024257, 1.0359049570303251, 1.0389627231041543, 1.0411553246274063, 1.0441038885091847, 1.0410318006670114, 1.0411857327105476, 1.0352774217570864, 1.0372790415312554, 1.0382865981991678, 1.0350683600613053, 1.030133234101298, 1.0312035104672597, 1.0309798543133613, 1.0283146697387917, 1.0353586093716514, 1.0333631743003038, 1.030374524141586, 1.030442569966905, 1.03142053983814, 1.0374117552833109, 1.0372643105785524, 1.0352540992432726, 1.0376016673078354, 1.0361880379545019, 1.0344277886831927, 1.0333234972650143, 1.0325017820807865, 1.0332955966227668, 1.038486807812213, 1.0344826823103421, 1.0343890612337314, 1.0334360744622766, 1.0325199852787355, 1.0373275953140357, 1.0377999421853905, 1.0328134972007288, 1.0339374062292166, 1.044007073730825, 1.0414738690912988, 1.0345756714711591, 1.0308504935246432, 1.0336715193909523, 1.031531070787497, 1.0246245214711582, 1.0263572721036276, 1.0321111422710252, 1.0385274334364016, 1.0450791836028503, 1.0474856800930503, 1.0471062505782305, 1.0481031914845025, 1.0449026653234263, 1.042059643206664, 1.0448398011178557, 1.0391619363698807, 1.0381843188952526, 1.0371242789559987, 1.0369579499671142, 1.0320913041005626, 1.0384545343923344, 1.0369252624948433, 1.0416455299188876, 1.0404572216098074, 1.0425611780610284, 1.039034758802611, 1.0408352511324739, 1.0430156518480438, 1.037011581420381]